21 899
1216 72.0 10007 54.0 806.0 0.0 247.0 1053.0 1053 0 0 1053 312.0 0 0 0 0 0 0 0 145500
168 80.0 9760 218.0 717.0 263.0 415.0 1395.0 1395 0 0 1395 440.0 657 0 113 0 240 0 0 192000
2741 70.0 10519 164.0 0.0 0.0 1057.0 1057.0 1057 0 0 1057 288.0 0 0 0 0 0 0 0 137000
2236 50.0 6060 0.0 0.0 0.0 732.0 732.0 772 351 0 1123 264.0 0 0 140 0 0 0 0 100000
2745 77.0 8335 0.0 0.0 0.0 0.0 0.0 1124 0 0 1124 0.0 0 36 190 0 0 0 0 93000
35 24.0 2280 0.0 0.0 0.0 836.0 836.0 836 0 0 836 308.0 0 30 0 0 0 0 0 120000
1513 67.0 5142 0.0 224.0 0.0 725.0 949.0 949 343 0 1292 205.0 0 0 183 0 0 0 0 108000
257 82.0 11105 0.0 870.0 0.0 0.0 870.0 965 0 0 965 580.0 71 0 0 0 0 0 0 159000
1931 60.0 11556 0.0 408.0 0.0 456.0 864.0 1154 0 0 1154 336.0 63 0 0 0 0 0 0 142000
1170 42.0 4385 0.0 964.0 0.0 455.0 1419.0 1419 0 0 1419 588.0 155 58 0 0 0 0 0 290000
1978 60.0 7200 180.0 936.0 0.0 0.0 936.0 936 0 0 936 672.0 49 0 0 0 0 0 0 140000
1935 66.0 8923 0.0 643.0 0.0 365.0 1008.0 1008 0 0 1008 240.0 0 18 0 0 0 0 0 134500
282 80.0 8546 0.0 0.0 0.0 1121.0 1121.0 1121 0 0 1121 440.0 132 64 0 0 0 0 0 140000
743 51.0 6120 0.0 0.0 0.0 264.0 264.0 800 0 0 800 0.0 0 0 0 0 0 0 0 60000
739 50.0 6000 0.0 0.0 0.0 884.0 884.0 904 0 0 904 180.0 0 0 105 0 0 0 0 119000
1927 72.0 10152 120.0 586.0 0.0 462.0 1048.0 1048 0 0 1048 286.0 0 20 0 0 192 0 0 135000
740 60.0 6911 0.0 405.0 0.0 740.0 1145.0 1301 0 0 1301 440.0 0 0 0 0 0 0 0 100000
2068 70.0 6960 0.0 258.0 0.0 422.0 680.0 798 504 0 1302 224.0 0 0 0 0 126 0 0 165250
221 70.0 8521 0.0 842.0 0.0 70.0 912.0 912 0 0 912 336.0 0 0 0 0 0 0 0 125000
1939 70.0 8400 0.0 793.0 0.0 130.0 923.0 925 0 0 925 390.0 81 0 0 0 0 0 0 116900
2682 51.0 6120 0.0 0.0 0.0 741.0 741.0 741 583 0 1324 180.0 0 0 55 0 0 0 0 110000
1823 85.0 6970 0.0 932.0 0.0 108.0 1040.0 1120 0 0 1120 544.0 168 0 0 0 0 0 400 129000
2599 60.0 10914 0.0 0.0 0.0 715.0 715.0 715 0 0 715 660.0 0 0 75 0 112 0 0 68000
698 90.0 9900 0.0 0.0 0.0 504.0 504.0 764 700 0 1464 0.0 0 0 176 0 0 0 0 129000
2746 50.0 7585 0.0 0.0 0.0 810.0 810.0 1002 454 0 1456 280.0 0 0 0 0 0 0 0 91500
1661 64.0 8991 130.0 624.0 604.0 0.0 1228.0 1324 0 0 1324 585.0 407 36 0 0 0 0 0 174000
886 75.0 9937 0.0 637.0 0.0 849.0 1486.0 1486 0 0 1486 480.0 0 0 0 0 0 0 0 167000
286 67.0 4853 203.0 133.0 0.0 974.0 1107.0 1296 0 0 1296 260.0 0 0 36 0 0 0 0 104000
1088 59.0 9587 182.0 655.0 0.0 201.0 856.0 1166 0 0 1166 400.0 212 0 0 0 0 0 0 190000
2589 80.0 13600 0.0 144.0 912.0 0.0 1056.0 1056 0 0 1056 300.0 0 0 0 0 0 0 650 125000
2171 73.0 10921 48.0 520.0 0.0 440.0 960.0 960 0 0 960 432.0 120 0 0 0 0 0 0 94750
2531 80.0 9600 168.0 0.0 0.0 1164.0 1164.0 1164 0 0 1164 528.0 0 0 0 0 0 0 0 140000
404 24.0 2368 312.0 765.0 0.0 0.0 765.0 765 600 0 1365 440.0 0 36 0 0 0 0 0 125000
2189 62.0 10042 0.0 144.0 278.0 238.0 660.0 740 125 0 865 216.0 0 0 84 0 0 0 0 108500
2686 50.0 11672 0.0 0.0 0.0 816.0 816.0 816 0 0 816 210.0 168 0 112 0 0 0 0 109000
1747 65.0 16219 0.0 779.0 0.0 56.0 835.0 1119 0 0 1119 437.0 100 24 0 0 0 0 0 188500
1902 50.0 5000 0.0 0.0 0.0 0.0 0.0 334 0 0 334 0.0 0 0 0 0 0 0 0 39300
851 65.0 10739 68.0 1259.0 0.0 172.0 1431.0 1444 0 0 1444 577.0 144 40 0 0 0 0 0 203000
417 24.0 2364 0.0 279.0 0.0 576.0 855.0 855 601 0 1456 440.0 147 0 0 0 0 0 0 138000
1809 60.0 12450 126.0 729.0 0.0 365.0 1094.0 1094 0 0 1094 576.0 0 0 0 0 0 0 0 149000
2286 21.0 1504 0.0 252.0 0.0 294.0 546.0 546 546 0 1092 253.0 0 0 0 0 0 0 0 85500
2786 120.0 9560 0.0 360.0 0.0 504.0 864.0 864 0 0 864 288.0 0 0 0 0 0 0 0 128500
1905 50.0 5175 0.0 150.0 404.0 254.0 808.0 808 0 0 808 308.0 143 0 0 0 0 0 0 112000
213 65.0 6001 0.0 368.0 0.0 232.0 600.0 600 319 0 919 231.0 0 0 45 0 0 0 0 95000
1269 60.0 7200 0.0 0.0 0.0 0.0 0.0 1048 0 0 1048 420.0 0 27 0 0 0 0 0 98300
2034 60.0 6882 0.0 0.0 0.0 684.0 684.0 773 582 0 1355 0.0 136 0 115 0 0 0 0 127000
2613 79.0 8910 0.0 655.0 0.0 0.0 655.0 1194 0 0 1194 539.0 0 0 192 0 0 0 0 159500
1607 60.0 6600 0.0 638.0 0.0 207.0 845.0 845 0 0 845 264.0 0 0 0 0 0 0 0 134500
26 65.0 8450 0.0 775.0 0.0 281.0 1056.0 1056 0 0 1056 304.0 0 85 184 0 0 0 0 142000
542 60.0 12450 0.0 836.0 0.0 278.0 1114.0 1114 0 0 1114 576.0 0 42 0 0 0 0 0 153000
1679 24.0 2016 304.0 0.0 0.0 630.0 630.0 630 672 0 1302 440.0 0 0 0 0 0 0 0 106000
737 50.0 6000 0.0 0.0 0.0 780.0 780.0 825 587 0 1412 280.0 45 0 0 0 0 0 0 132500
1613 85.0 10628 0.0 778.0 0.0 499.0 1277.0 1277 0 0 1277 526.0 0 0 0 0 176 0 0 167000
36 24.0 2280 0.0 311.0 0.0 544.0 855.0 855 601 0 1456 440.0 26 0 0 0 0 0 0 146000
1678 21.0 2058 265.0 0.0 0.0 672.0 672.0 672 546 0 1218 264.0 0 28 0 0 0 0 0 113700
2629 70.0 7945 0.0 179.0 506.0 465.0 1150.0 1150 0 0 1150 300.0 0 0 0 0 0 0 0 141000
323 85.0 15300 0.0 42.0 0.0 1026.0 1068.0 1264 0 0 1264 528.0 0 0 0 0 0 0 0 169000
1582 93.0 18265 228.0 920.0 60.0 276.0 1256.0 1256 0 0 1256 578.0 282 0 0 0 0 0 0 180000
640 120.0 19296 399.0 672.0 690.0 0.0 1362.0 1382 0 0 1382 884.0 0 0 252 0 0 0 0 176000
2026 60.0 8730 0.0 0.0 0.0 698.0 698.0 698 698 0 1396 384.0 0 0 0 0 259 0 0 153575
2540 71.0 9230 166.0 661.0 0.0 203.0 864.0 1200 0 0 1200 884.0 0 64 0 0 0 0 0 146000
2650 40.0 4400 0.0 0.0 0.0 648.0 648.0 734 384 0 1118 440.0 0 0 0 0 0 0 0 116000
1639 195.0 41600 0.0 1047.0 0.0 53.0 1100.0 1424 0 0 1424 828.0 144 0 0 0 0 0 0 155000
679 60.0 7200 0.0 0.0 0.0 0.0 0.0 1040 0 0 1040 420.0 0 0 0 0 0 0 0 90000
277 60.0 10044 0.0 1070.0 0.0 126.0 1196.0 1196 0 0 1196 336.0 257 0 168 0 0 0 0 144000
1625 63.0 7875 38.0 0.0 0.0 1237.0 1237.0 1253 0 0 1253 402.0 220 21 0 0 0 0 0 176000
1511 59.0 16466 0.0 0.0 0.0 816.0 816.0 872 521 0 1393 300.0 121 0 0 0 265 0 0 135500
2091 114.0 10357 0.0 738.0 0.0 172.0 910.0 1442 0 0 1442 719.0 0 244 0 0 0 0 0 179900
1889 76.0 8243 56.0 700.0 0.0 264.0 964.0 964 0 0 964 784.0 170 0 0 0 0 0 0 137500
240 75.0 9525 0.0 954.0 0.0 218.0 1172.0 1172 0 0 1172 366.0 240 0 0 0 0 0 0 128000
2694 50.0 8600 0.0 0.0 0.0 780.0 780.0 780 596 0 1376 198.0 0 0 0 0 0 0 0 119500
690 80.0 7936 0.0 826.0 0.0 219.0 1045.0 1045 0 0 1045 264.0 0 0 0 0 0 0 0 127000
2168 70.0 9170 0.0 698.0 96.0 420.0 1214.0 1214 0 0 1214 461.0 0 0 184 0 0 0 400 140000
1666 63.0 9457 0.0 566.0 0.0 359.0 925.0 1422 0 0 1422 576.0 252 0 0 0 0 0 0 155000
225 65.0 7832 0.0 775.0 0.0 89.0 864.0 864 0 0 864 280.0 226 0 0 0 0 0 0 137250
474 43.0 3182 11.0 16.0 0.0 1129.0 1145.0 1145 0 0 1145 397.0 100 16 0 0 0 0 0 160200
2194 60.0 8190 0.0 732.0 0.0 216.0 948.0 948 0 0 948 280.0 0 36 0 0 0 0 0 119000
850 67.0 16285 0.0 0.0 0.0 1413.0 1413.0 1430 0 0 1430 605.0 0 33 0 0 0 0 0 187100
2213 126.0 13108 0.0 0.0 0.0 0.0 0.0 1226 0 0 1226 400.0 174 24 120 0 228 0 0 153500
362 65.0 8125 0.0 0.0 0.0 702.0 702.0 702 779 0 1481 343.0 0 36 0 0 0 0 0 174000
1810 65.0 7441 170.0 0.0 0.0 1461.0 1461.0 1486 0 0 1486 566.0 0 32 0 0 0 0 0 181000
998 53.0 14137 0.0 450.0 0.0 898.0 1348.0 1384 0 0 1384 404.0 0 39 0 0 0 0 0 177900
629 120.0 13560 216.0 0.0 0.0 1392.0 1392.0 1392 0 0 1392 576.0 0 0 240 0 0 0 0 110000
231 94.0 9259 0.0 0.0 0.0 660.0 660.0 756 0 0 756 440.0 80 0 0 0 0 0 0 85000
1045 21.0 1680 604.0 358.0 0.0 125.0 483.0 483 504 0 987 264.0 0 0 0 0 0 0 0 89500
859 36.0 15523 0.0 460.0 0.0 404.0 864.0 864 0 0 864 338.0 0 0 0 0 0 0 0 133500
55 67.0 13300 0.0 326.0 0.0 58.0 384.0 744 630 0 1374 400.0 100 0 0 0 0 0 0 184500
1173 24.0 2160 212.0 510.0 0.0 90.0 600.0 624 628 0 1252 462.0 0 48 0 0 0 0 0 160000
419 65.0 7150 60.0 432.0 0.0 460.0 892.0 892 0 0 892 288.0 0 0 0 0 0 0 0 100000
2298 54.0 7244 0.0 619.0 0.0 149.0 768.0 768 0 0 768 624.0 104 0 0 0 0 0 0 129500
1550 58.0 8155 0.0 0.0 0.0 780.0 780.0 780 420 0 1200 0.0 0 0 96 0 0 0 0 119000
2634 70.0 7000 0.0 468.0 0.0 396.0 864.0 864 0 0 864 336.0 0 0 0 0 0 0 0 105000
110 80.0 8000 0.0 833.0 0.0 659.0 1492.0 1492 0 0 1492 596.0 277 137 0 0 0 0 0 230000
183 60.0 8520 0.0 0.0 0.0 624.0 624.0 720 0 0 720 484.0 106 0 0 0 0 0 0 105900
2065 81.0 14175 0.0 386.0 522.0 332.0 1240.0 1375 0 0 1375 323.0 0 0 0 0 0 0 0 187000
176 47.0 4608 0.0 0.0 0.0 747.0 747.0 747 0 0 747 220.0 0 0 0 0 0 0 0 80000
2293 72.0 9129 144.0 923.0 0.0 0.0 923.0 1008 0 0 1008 678.0 201 66 0 0 0 0 0 153500
1231 75.0 7875 136.0 572.0 0.0 572.0 1144.0 1144 0 0 1144 456.0 0 0 0 0 0 0 0 139950
1480 74.0 9627 0.0 24.0 0.0 1327.0 1351.0 1361 0 0 1361 610.0 0 50 0 0 0 0 0 193000
143 70.0 8400 0.0 922.0 0.0 392.0 1314.0 1314 0 0 1314 294.0 250 0 0 0 0 0 0 145000
1002 41.0 5395 0.0 733.0 0.0 604.0 1337.0 1337 0 0 1337 462.0 96 0 70 168 0 0 0 180000
2609 83.0 10184 379.0 580.0 0.0 503.0 1083.0 1146 0 0 1146 294.0 345 75 0 0 0 0 0 165000
2471 74.0 7733 0.0 24.0 0.0 1118.0 1142.0 1142 0 0 1142 0.0 4 50 0 0 0 0 0 139500
2175 65.0 6285 0.0 504.0 0.0 456.0 960.0 1044 0 0 1044 528.0 228 0 0 0 0 0 0 133500
477 59.0 9434 0.0 0.0 0.0 384.0 384.0 744 630 0 1374 400.0 100 0 0 0 0 0 0 170000
1374 115.0 21286 0.0 0.0 0.0 720.0 720.0 720 551 0 1271 312.0 0 0 108 0 0 0 0 135000
671 62.0 8010 0.0 745.0 0.0 206.0 951.0 951 0 0 951 480.0 0 0 42 0 0 0 450 143500
403 21.0 1680 504.0 254.0 0.0 229.0 483.0 483 504 0 987 264.0 0 0 0 0 0 0 0 111000
2711 80.0 10366 0.0 456.0 0.0 456.0 912.0 934 0 0 934 336.0 77 0 0 0 0 0 500 132000
1860 80.0 9600 0.0 978.0 0.0 284.0 1262.0 1262 0 0 1262 460.0 298 0 0 0 0 0 0 181500
2061 66.0 7742 0.0 763.0 0.0 192.0 955.0 955 0 0 955 386.0 0 0 0 0 0 0 0 127000
238 68.0 9571 0.0 739.0 0.0 405.0 1144.0 1144 0 0 1144 596.0 44 0 0 0 0 0 0 129000
1983 50.0 6000 0.0 331.0 0.0 318.0 649.0 679 504 0 1183 308.0 0 176 0 0 0 0 0 120000
2611 77.0 9510 161.0 701.0 0.0 434.0 1135.0 1207 0 0 1207 264.0 0 240 0 0 0 0 0 147000
413 24.0 2308 0.0 257.0 495.0 103.0 855.0 855 467 0 1322 440.0 260 0 0 0 0 0 0 147000
1676 21.0 2205 567.0 312.0 0.0 213.0 525.0 525 567 0 1092 264.0 144 0 0 0 0 0 0 113500
2524 79.0 13110 144.0 962.0 0.0 191.0 1153.0 1193 0 0 1193 501.0 140 153 0 0 0 0 0 146500
2043 55.0 4388 0.0 116.0 0.0 556.0 672.0 840 0 0 840 0.0 0 0 0 0 0 0 0 87000
2378 24.0 2179 0.0 70.0 0.0 785.0 855.0 855 601 0 1456 460.0 0 28 0 0 0 0 0 144000
1404 124.0 11512 84.0 719.0 0.0 300.0 1019.0 1357 0 0 1357 312.0 0 0 0 0 163 0 0 177000
1322 60.0 11340 0.0 0.0 0.0 723.0 723.0 723 363 0 1086 400.0 0 24 144 0 0 0 0 55000
2771 65.0 12438 68.0 0.0 0.0 781.0 781.0 795 704 0 1499 473.0 413 91 0 0 0 0 0 187000
1606 60.0 6600 0.0 816.0 0.0 0.0 816.0 816 0 0 816 816.0 0 0 0 0 0 0 0 138000
2850 43.0 7000 0.0 424.0 0.0 200.0 624.0 743 736 0 1479 312.0 530 0 56 0 0 0 0 160000
520 72.0 8640 0.0 0.0 0.0 1402.0 1402.0 1402 0 0 1402 625.0 205 126 0 0 0 0 0 229800
2184 64.0 6400 0.0 77.0 831.0 52.0 960.0 960 0 0 960 392.0 144 0 35 0 0 0 0 131750
2284 44.0 4224 0.0 840.0 0.0 200.0 1040.0 1060 0 0 1060 572.0 100 110 0 0 0 0 0 129900
2512 35.0 3735 218.0 450.0 0.0 241.0 691.0 713 739 0 1452 506.0 0 34 0 0 0 0 0 183900
1948 55.0 5500 0.0 0.0 0.0 882.0 882.0 882 0 0 882 0.0 0 0 0 0 0 0 0 103200
304 50.0 9140 0.0 308.0 0.0 321.0 629.0 727 380 0 1107 625.0 0 56 0 0 200 0 0 110000
1849 24.0 2645 456.0 0.0 0.0 776.0 776.0 764 677 0 1441 492.0 206 0 0 0 0 0 0 174000
965 125.0 14419 310.0 904.0 624.0 117.0 1645.0 1479 0 0 1479 578.0 224 238 0 0 0 0 0 213500
2377 24.0 2280 0.0 120.0 492.0 443.0 1055.0 1055 0 0 1055 319.0 0 29 0 0 0 0 0 137500
1669 70.0 8294 0.0 0.0 0.0 858.0 858.0 872 0 0 872 480.0 0 0 0 0 0 0 0 123000
157 74.0 5868 0.0 248.0 240.0 448.0 936.0 936 0 0 936 308.0 0 0 80 0 160 0 0 129000
1156 95.0 19508 144.0 800.0 0.0 630.0 1430.0 1430 0 0 1430 484.0 117 108 165 0 0 0 0 192000
99 24.0 2544 216.0 376.0 0.0 224.0 600.0 600 636 0 1236 480.0 0 166 0 0 0 0 0 152000
845 68.0 9017 0.0 560.0 0.0 871.0 1431.0 1431 0 0 1431 666.0 0 35 0 0 0 0 0 192000
594 62.0 7130 0.0 648.0 0.0 216.0 864.0 864 0 0 864 312.0 0 0 0 0 0 0 0 130000
1019 78.0 12090 210.0 588.0 228.0 606.0 1422.0 1422 0 0 1422 576.0 276 0 0 0 0 0 0 175500
483 34.0 5063 166.0 904.0 0.0 410.0 1314.0 1314 0 0 1314 626.0 172 62 0 0 0 0 0 207500
1214 82.0 9020 259.0 624.0 336.0 288.0 1248.0 1350 0 0 1350 520.0 176 0 0 0 0 0 0 168500
135 75.0 11380 216.0 944.0 0.0 136.0 1080.0 1128 0 0 1128 315.0 238 0 0 0 0 0 1500 178000
1272 80.0 8000 0.0 520.0 319.0 188.0 1027.0 1027 0 0 1027 299.0 0 0 0 0 0 0 0 125900
2692 60.0 7518 0.0 0.0 0.0 396.0 396.0 665 665 0 1330 390.0 0 72 45 0 0 0 0 116500
2250 71.0 9187 0.0 336.0 0.0 748.0 1084.0 1080 0 0 1080 484.0 120 0 158 0 0 0 0 134000
1504 74.0 6845 58.0 0.0 0.0 0.0 0.0 1152 0 0 1152 0.0 0 0 0 0 0 0 0 82500
794 62.0 7440 0.0 173.0 0.0 916.0 1089.0 1089 0 0 1089 252.0 328 0 0 0 0 0 0 125000
274 67.0 8777 0.0 0.0 0.0 0.0 0.0 640 0 0 640 240.0 0 0 0 0 0 0 0 84900
2576 80.0 11600 175.0 565.0 0.0 818.0 1383.0 1383 0 0 1383 292.0 0 45 0 0 0 0 0 145250
709 50.0 5925 0.0 0.0 0.0 0.0 0.0 612 0 0 612 308.0 0 0 25 0 0 0 0 45000
2705 50.0 5500 0.0 510.0 373.0 190.0 1073.0 1073 0 0 1073 246.0 0 120 0 0 0 0 0 157000
1496 72.0 7200 0.0 288.0 0.0 396.0 684.0 684 714 0 1398 440.0 0 0 0 0 0 0 0 160500
1211 80.0 9200 0.0 892.0 0.0 244.0 1136.0 1136 0 0 1136 384.0 426 0 0 0 0 0 0 140000
2862 80.0 11600 0.0 0.0 0.0 700.0 700.0 1180 0 0 1180 252.0 0 0 67 0 0 0 0 137500
2358 78.0 10140 99.0 663.0 377.0 0.0 1040.0 1309 0 0 1309 484.0 265 0 0 0 0 648 0 181000
466 57.0 8918 0.0 0.0 0.0 745.0 745.0 745 745 0 1490 392.0 36 20 0 0 0 0 0 167800
2649 60.0 7200 0.0 0.0 0.0 576.0 576.0 864 0 0 864 528.0 0 0 0 0 115 0 0 105000
1326 70.0 12702 0.0 0.0 0.0 0.0 0.0 882 0 0 882 308.0 0 45 0 0 0 0 0 97000
2627 60.0 8544 0.0 0.0 0.0 0.0 0.0 1040 0 0 1040 400.0 0 0 0 0 0 0 0 93500
1974 60.0 6978 0.0 0.0 0.0 850.0 850.0 960 0 0 960 576.0 0 0 116 0 0 0 0 103000
2198 55.0 10594 0.0 0.0 0.0 768.0 768.0 789 0 0 789 200.0 0 0 112 0 0 0 0 96500
2290 21.0 1936 0.0 131.0 499.0 0.0 630.0 630 0 0 630 0.0 0 0 0 0 0 0 0 84500
884 85.0 11069 0.0 0.0 0.0 608.0 608.0 608 788 0 1396 440.0 100 36 0 0 0 0 0 170000
299 35.0 3907 0.0 747.0 0.0 235.0 982.0 1034 0 0 1034 598.0 141 36 0 0 0 0 0 185000
512 76.0 9139 206.0 379.0 0.0 1043.0 1422.0 1432 0 0 1432 492.0 297 50 0 0 0 0 0 245000
2251 80.0 10000 166.0 585.0 0.0 856.0 1441.0 1392 0 0 1392 650.0 168 49 0 0 0 0 0 215000
473 43.0 3182 16.0 16.0 0.0 1204.0 1220.0 1220 0 0 1220 397.0 100 16 0 0 0 0 0 180000
535 63.0 7500 0.0 54.0 0.0 1087.0 1141.0 1141 0 0 1141 484.0 182 0 0 0 0 0 0 152000
1920 70.0 8176 0.0 846.0 0.0 210.0 1056.0 1056 0 0 1056 308.0 0 0 0 0 0 0 0 139000
2040 40.0 4800 0.0 197.0 0.0 999.0 1196.0 1196 0 0 1196 440.0 0 0 0 0 0 0 0 109900
1503 92.0 12108 270.0 133.0 0.0 1307.0 1440.0 1440 0 0 1440 0.0 0 0 0 0 0 0 0 118000
711 50.0 5784 0.0 0.0 0.0 190.0 190.0 886 0 0 886 273.0 144 20 80 0 0 0 0 91300
194 50.0 5000 0.0 188.0 0.0 577.0 765.0 765 0 0 765 200.0 135 0 41 0 0 0 0 87000
561 80.0 10000 0.0 594.0 0.0 270.0 864.0 1144 0 0 1144 264.0 165 0 0 0 0 0 400 131400
2773 43.0 13568 0.0 716.0 0.0 274.0 990.0 990 0 0 990 576.0 224 0 0 0 0 0 0 156000
523 75.0 7500 238.0 24.0 0.0 1348.0 1372.0 1448 0 0 1448 692.0 0 140 0 0 0 0 0 238500
2069 91.0 11375 0.0 736.0 0.0 231.0 967.0 1299 0 0 1299 494.0 81 0 280 0 0 0 0 150000
1233 101.0 9150 305.0 371.0 0.0 728.0 1099.0 1431 0 0 1431 296.0 64 110 0 0 0 0 0 165000
2367 21.0 1953 408.0 309.0 0.0 174.0 483.0 483 504 0 987 264.0 72 0 0 0 0 0 0 83000
1277 60.0 7200 0.0 673.0 0.0 181.0 854.0 854 424 0 1278 240.0 0 0 0 0 0 0 0 127500
1602 100.0 21750 0.0 0.0 0.0 988.0 988.0 988 0 0 988 520.0 0 0 0 0 0 0 0 113000
2375 65.0 7514 0.0 373.0 108.0 462.0 943.0 1387 0 0 1387 300.0 0 0 240 0 0 0 0 145000
1890 70.0 8680 0.0 0.0 0.0 894.0 894.0 894 0 0 894 312.0 0 0 0 0 0 0 0 117600
883 64.0 8633 0.0 193.0 0.0 545.0 738.0 738 738 0 1476 540.0 100 35 0 0 0 0 0 173500
1596 41.0 2665 0.0 318.0 0.0 232.0 550.0 925 550 0 1475 336.0 92 26 0 0 0 0 0 129500
2226 24.0 1782 0.0 330.0 0.0 186.0 516.0 529 516 0 1045 462.0 180 0 0 0 0 0 0 123900
219 75.0 11625 0.0 841.0 0.0 198.0 1039.0 1039 0 0 1039 504.0 0 0 0 0 0 0 0 131500
2536 70.0 8400 168.0 1016.0 0.0 36.0 1052.0 1052 0 0 1052 288.0 356 0 0 0 0 0 0 138500
2561 80.0 9600 144.0 996.0 0.0 60.0 1056.0 1216 0 0 1216 280.0 0 0 0 0 0 0 0 135000
2174 81.0 11841 104.0 816.0 0.0 0.0 816.0 816 0 0 816 0.0 0 32 0 0 0 0 0 118500
1275 64.0 6390 0.0 0.0 0.0 936.0 936.0 984 0 0 984 280.0 0 0 0 0 0 0 0 112500
1230 80.0 10197 491.0 288.0 374.0 700.0 1362.0 1362 0 0 1362 504.0 0 20 0 0 0 0 0 163000
685 70.0 7931 0.0 1148.0 0.0 0.0 1148.0 1148 0 0 1148 672.0 0 0 0 0 0 0 0 132500
1580 75.0 12890 128.0 0.0 0.0 1495.0 1495.0 1495 0 0 1495 438.0 252 0 192 0 0 0 0 150000
2910 41.0 2665 0.0 548.0 173.0 36.0 757.0 925 550 0 1475 336.0 104 26 0 0 0 0 0 127000
1475 75.0 9750 50.0 24.0 0.0 1421.0 1445.0 1445 0 0 1445 470.0 0 35 0 0 0 0 0 186500
769 70.0 12886 0.0 444.0 0.0 76.0 520.0 1464 0 0 1464 480.0 302 0 0 0 100 0 0 175000
456 34.0 5001 166.0 904.0 0.0 410.0 1314.0 1314 0 0 1314 626.0 172 62 0 0 0 0 0 230000
330 21.0 1476 0.0 176.0 0.0 370.0 546.0 546 546 0 1092 0.0 200 26 0 0 0 0 0 76000
1886 74.0 7450 0.0 438.0 206.0 250.0 894.0 1074 0 0 1074 396.0 0 72 0 0 0 0 0 124000
1545 50.0 7000 0.0 299.0 40.0 555.0 894.0 919 0 0 919 195.0 0 0 116 0 0 0 0 126000
890 80.0 10682 0.0 399.0 0.0 615.0 1014.0 1149 0 0 1149 544.0 0 240 0 0 0 0 0 127000
1683 24.0 2304 0.0 632.0 6.0 423.0 1061.0 1055 0 0 1055 319.0 108 32 0 0 0 0 0 142500
279 65.0 6305 0.0 528.0 0.0 480.0 1008.0 1096 0 0 1096 352.0 0 0 0 0 0 0 0 125200
563 65.0 7150 60.0 140.0 590.0 182.0 912.0 912 0 0 912 252.0 0 0 0 0 0 0 0 123000
2890 140.0 11080 257.0 576.0 0.0 552.0 1128.0 1210 0 0 1210 528.0 0 0 0 0 0 0 0 148000
1217 80.0 10721 243.0 0.0 0.0 1252.0 1252.0 1252 0 0 1252 528.0 0 39 0 0 0 0 0 142000
19 140.0 19138 0.0 120.0 0.0 744.0 864.0 864 0 0 864 400.0 0 0 0 0 0 0 0 141000
1309 100.0 12665 0.0 0.0 0.0 876.0 876.0 876 540 0 1416 720.0 418 0 194 0 0 0 0 153900
1246 60.0 11556 52.0 148.0 0.0 572.0 720.0 882 0 0 882 240.0 0 0 0 0 0 0 0 116000
2909 41.0 2665 0.0 0.0 0.0 264.0 264.0 616 688 0 1304 336.0 141 0 0 0 0 0 0 104500
1957 60.0 8064 0.0 0.0 0.0 672.0 672.0 672 252 0 924 576.0 0 0 0 0 0 0 2000 122900
2928 62.0 10441 0.0 337.0 0.0 575.0 912.0 970 0 0 970 0.0 80 32 0 0 0 0 700 132000
1936 71.0 8540 0.0 114.0 691.0 120.0 925.0 925 0 0 925 252.0 152 0 0 0 0 0 0 127000
935 24.0 1612 0.0 0.0 0.0 561.0 561.0 561 668 0 1229 462.0 154 0 0 0 0 0 0 121000
647 75.0 14559 70.0 650.0 180.0 178.0 1008.0 1363 0 0 1363 288.0 324 42 0 0 168 0 2000 164900
1440 93.0 9382 125.0 0.0 0.0 1468.0 1468.0 1479 0 0 1479 577.0 120 25 0 0 0 0 0 191000
2623 60.0 7200 0.0 0.0 0.0 0.0 0.0 1040 0 0 1040 420.0 0 29 0 0 0 0 0 109900
2233 50.0 7000 0.0 375.0 0.0 345.0 720.0 720 495 0 1215 720.0 0 0 30 0 0 0 0 141000
1221 56.0 4130 0.0 0.0 0.0 270.0 270.0 729 0 0 729 0.0 0 0 0 0 0 0 0 52000
2631 69.0 7590 266.0 512.0 0.0 148.0 660.0 660 688 0 1348 453.0 188 108 0 0 0 0 0 155000
1391 88.0 14175 0.0 776.0 0.0 212.0 988.0 1188 0 0 1188 621.0 102 89 231 0 0 0 0 185000
332 21.0 1900 0.0 0.0 0.0 546.0 546.0 546 546 0 1092 0.0 0 0 0 0 0 0 0 88250
922 130.0 9600 0.0 428.0 0.0 300.0 728.0 976 332 0 1308 256.0 0 70 0 0 0 0 0 160000
2003 52.0 9439 0.0 324.0 0.0 588.0 912.0 912 336 0 1248 160.0 0 0 192 0 0 0 0 87000
2804 37.0 4435 169.0 662.0 0.0 186.0 848.0 848 0 0 848 420.0 140 0 0 0 0 0 0 155900
2845 76.0 11388 0.0 0.0 0.0 616.0 616.0 1055 218 0 1273 275.0 212 0 0 0 0 0 0 121000
1655 80.0 10400 253.0 903.0 0.0 356.0 1259.0 1353 0 0 1353 478.0 240 141 0 0 0 0 0 192350
2675 65.0 7800 0.0 507.0 0.0 286.0 793.0 793 325 0 1118 410.0 0 0 0 0 271 0 0 119900
1376 62.0 10106 0.0 351.0 181.0 112.0 644.0 808 547 0 1355 0.0 140 0 0 0 0 0 0 127500
1195 65.0 8125 0.0 260.0 456.0 196.0 912.0 925 0 0 925 576.0 233 0 0 0 0 0 0 135000
2696 60.0 9786 0.0 0.0 0.0 1007.0 1007.0 1077 0 0 1077 210.0 0 100 48 0 0 0 0 91000
1288 80.0 4800 0.0 0.0 0.0 680.0 680.0 680 680 0 1360 330.0 192 50 0 0 0 0 0 111000
1035 65.0 9750 0.0 602.0 438.0 14.0 1054.0 1054 0 0 1054 460.0 180 0 0 0 80 0 0 151000
146 73.0 9300 324.0 697.0 0.0 571.0 1268.0 1264 0 0 1264 461.0 0 0 0 0 143 0 0 167500
107 30.0 4420 0.0 728.0 0.0 0.0 728.0 788 0 0 788 484.0 133 42 0 0 0 0 0 155000
1297 60.0 10800 0.0 590.0 0.0 294.0 884.0 884 552 0 1436 828.0 0 0 126 0 0 0 0 155000
704 56.0 10134 0.0 0.0 0.0 801.0 801.0 801 646 0 1447 0.0 80 0 244 0 0 0 0 103000
1338 50.0 6000 0.0 201.0 162.0 462.0 825.0 825 672 0 1497 672.0 272 0 0 0 0 0 0 157000
2617 86.0 11650 58.0 0.0 0.0 0.0 0.0 1472 0 0 1472 484.0 0 68 0 0 227 0 0 157500
1885 70.0 7535 0.0 111.0 279.0 522.0 912.0 912 0 0 912 297.0 12 285 0 0 0 0 480 120000
2297 50.0 6723 0.0 796.0 0.0 0.0 796.0 796 0 0 796 0.0 129 0 0 0 0 0 0 138000
2647 50.0 5633 0.0 0.0 0.0 844.0 844.0 844 0 0 844 216.0 50 81 123 0 0 0 0 111500
108 40.0 3880 0.0 1052.0 0.0 174.0 1226.0 1226 0 0 1226 484.0 223 78 0 0 0 0 0 206000
665 60.0 10800 0.0 0.0 0.0 720.0 720.0 846 0 0 846 576.0 0 0 0 0 0 0 0 106000
722 50.0 9000 0.0 624.0 0.0 26.0 650.0 832 650 0 1482 324.0 0 0 0 0 0 0 0 143000
2907 32.0 4500 443.0 1201.0 0.0 36.0 1237.0 1337 0 0 1337 405.0 0 199 0 0 0 0 0 153500
1835 45.0 4379 0.0 851.0 0.0 527.0 1378.0 1378 0 0 1378 540.0 160 56 0 0 0 0 0 214000
2172 74.0 16287 0.0 130.0 105.0 666.0 901.0 901 450 0 1351 576.0 0 0 43 0 100 0 0 122000
2302 76.0 8314 0.0 546.0 0.0 270.0 816.0 816 0 0 816 264.0 168 0 0 0 0 0 0 124500
1042 21.0 1890 422.0 483.0 0.0 0.0 483.0 483 504 0 987 352.0 411 0 0 0 0 0 0 100500
1296 60.0 5400 0.0 0.0 0.0 931.0 931.0 1027 0 0 1027 0.0 0 28 0 0 0 0 0 120000
634 66.0 9240 0.0 708.0 0.0 280.0 988.0 988 0 0 988 297.0 156 0 0 0 0 0 0 149500
1677 21.0 1890 285.0 356.0 0.0 316.0 672.0 672 546 0 1218 264.0 144 28 0 0 0 0 0 113000
3 81.0 14267 108.0 923.0 0.0 406.0 1329.0 1329 0 0 1329 312.0 393 36 0 0 0 0 12500 172000
924 80.0 13360 0.0 713.0 0.0 163.0 876.0 964 0 0 964 432.0 0 0 44 0 0 0 0 163500
2020 52.0 6240 0.0 425.0 0.0 459.0 884.0 959 408 0 1367 560.0 0 0 0 0 120 0 0 127500
2708 70.0 8414 0.0 663.0 0.0 396.0 1059.0 1068 0 0 1068 264.0 192 0 0 0 0 0 0 154500
2651 42.0 7614 0.0 0.0 0.0 738.0 738.0 714 662 0 1376 216.0 0 0 104 0 225 0 0 96900
767 54.0 6629 0.0 551.0 0.0 121.0 672.0 697 672 0 1369 300.0 147 0 0 0 0 0 0 103600
2507 30.0 3180 0.0 0.0 0.0 600.0 600.0 520 600 80 1200 480.0 0 166 0 0 0 0 0 151000
2574 70.0 8163 128.0 748.0 294.0 102.0 1144.0 1144 0 0 1144 796.0 86 0 0 0 0 0 0 143000
2552 60.0 8550 0.0 574.0 0.0 242.0 816.0 816 0 0 816 240.0 228 0 40 0 0 0 0 129800
2680 52.0 6240 0.0 0.0 0.0 0.0 0.0 672 240 0 912 0.0 0 0 0 0 0 0 0 80500
1972 60.0 6600 0.0 110.0 442.0 312.0 864.0 864 0 0 864 294.0 58 0 0 0 0 0 0 125500
224 80.0 9364 143.0 371.0 0.0 292.0 663.0 663 689 0 1352 299.0 379 36 0 0 0 0 0 158000
940 59.0 10690 0.0 456.0 0.0 216.0 672.0 672 672 0 1344 468.0 0 128 218 0 0 0 0 147000
465 63.0 10928 0.0 0.0 0.0 728.0 728.0 728 728 0 1456 390.0 100 0 0 0 0 0 0 184000
2522 40.0 3876 0.0 652.0 526.0 48.0 1226.0 1226 0 0 1226 484.0 133 60 0 0 0 0 0 170000
2077 84.0 17808 0.0 0.0 0.0 484.0 484.0 1242 0 0 1242 336.0 0 0 0 0 0 0 0 109900
52 100.0 18494 0.0 0.0 0.0 1324.0 1324.0 1324 0 0 1324 430.0 36 23 0 0 0 0 0 199500
1327 52.0 8516 0.0 0.0 0.0 869.0 869.0 1093 0 0 1093 308.0 0 0 0 0 0 0 0 115500
703 60.0 3378 0.0 0.0 0.0 651.0 651.0 707 682 0 1389 240.0 0 0 126 0 0 0 0 135000
2783 50.0 8340 62.0 509.0 0.0 166.0 675.0 686 702 0 1388 317.0 406 36 0 0 0 0 0 157500
999 57.0 21872 0.0 604.0 0.0 125.0 729.0 729 717 0 1446 406.0 264 22 0 0 0 0 0 175000
2364 26.0 8773 0.0 951.0 0.0 536.0 1487.0 1419 0 0 1419 543.0 196 68 0 0 0 0 0 190000
2004 52.0 8626 1.0 0.0 0.0 0.0 0.0 968 0 0 968 331.0 0 0 0 0 0 0 0 104500
1961 60.0 7200 0.0 432.0 0.0 432.0 864.0 1238 0 0 1238 357.0 0 171 0 0 0 0 0 102000
573 35.0 3768 218.0 549.0 0.0 142.0 691.0 713 739 0 1452 506.0 0 34 0 0 0 0 0 156000
2543 70.0 9100 0.0 521.0 174.0 169.0 864.0 864 0 0 864 624.0 0 0 0 0 0 0 0 129900
643 53.0 8128 80.0 490.0 0.0 572.0 1062.0 1062 0 0 1062 297.0 0 0 0 0 0 0 0 131000
673 64.0 8712 0.0 860.0 0.0 132.0 992.0 1306 0 0 1306 756.0 0 0 0 0 0 0 0 153000
1507 57.0 8050 0.0 0.0 0.0 0.0 0.0 929 208 0 1137 0.0 0 0 0 0 0 0 0 96000
908 60.0 8400 0.0 290.0 0.0 0.0 290.0 438 0 0 438 246.0 0 0 0 0 0 0 0 60000
212 60.0 9900 0.0 1026.0 0.0 186.0 1212.0 1212 180 0 1392 0.0 0 0 168 0 0 0 0 100000
1162 37.0 3435 0.0 24.0 0.0 1211.0 1235.0 1245 0 0 1245 495.0 0 100 0 0 0 0 0 178000
756 52.0 6240 0.0 152.0 0.0 628.0 780.0 848 0 360 1208 539.0 0 23 112 0 0 0 0 103000
1500 35.0 3675 80.0 459.0 0.0 88.0 547.0 1072 0 0 1072 525.0 0 28 0 0 0 0 0 148000
1350 60.0 6324 0.0 0.0 0.0 520.0 520.0 520 0 0 520 240.0 49 0 87 0 0 0 0 68500
2497 65.0 6993 0.0 465.0 0.0 447.0 912.0 1236 0 0 1236 288.0 0 0 0 0 0 0 0 135000
1668 61.0 9758 0.0 412.0 287.0 251.0 950.0 950 0 0 950 280.0 0 0 0 0 0 0 0 119500
2533 80.0 9600 0.0 758.0 0.0 293.0 1051.0 1051 0 0 1051 504.0 0 0 0 0 0 0 0 142000
1258 60.0 5400 0.0 0.0 0.0 672.0 672.0 672 0 0 672 308.0 88 108 0 0 0 0 0 86900
2655 56.0 9576 0.0 310.0 0.0 460.0 770.0 885 297 0 1182 378.0 0 0 0 0 0 0 0 120000
2879 60.0 11040 0.0 637.0 0.0 0.0 637.0 897 439 0 1336 570.0 0 47 120 0 0 0 0 108000
97 30.0 3182 0.0 0.0 0.0 600.0 600.0 600 600 0 1200 480.0 0 172 0 0 0 0 0 151000
904 45.0 8212 0.0 626.0 0.0 94.0 720.0 854 444 0 1298 256.0 84 0 0 0 0 0 0 122000
2140 75.0 9675 0.0 330.0 432.0 102.0 864.0 879 0 0 879 440.0 0 80 0 0 0 0 0 120000
1193 73.0 8814 0.0 732.0 0.0 0.0 732.0 732 732 0 1464 470.0 0 40 0 0 0 0 0 141000
600 60.0 7436 0.0 734.0 0.0 160.0 894.0 894 0 0 894 396.0 0 0 0 360 0 0 0 141500
1453 60.0 7200 0.0 632.0 0.0 148.0 780.0 780 0 0 780 352.0 196 0 0 0 0 0 0 124900
2258 115.0 16905 0.0 967.0 0.0 383.0 1350.0 1328 0 0 1328 308.0 0 104 0 0 0 0 0 170000
2883 60.0 8520 0.0 0.0 0.0 216.0 216.0 576 360 0 936 0.0 0 0 0 0 0 0 0 78000
2052 61.0 7943 192.0 903.0 0.0 126.0 1029.0 1029 0 0 1029 261.0 64 0 39 0 0 0 0 118500
179 50.0 6900 0.0 0.0 0.0 827.0 827.0 827 424 0 1251 240.0 0 0 0 0 0 0 0 119000
1048 24.0 2308 0.0 286.0 294.0 275.0 855.0 855 601 0 1456 460.0 0 0 0 0 0 0 0 143000
1371 60.0 10320 0.0 0.0 0.0 756.0 756.0 756 713 0 1469 216.0 57 0 239 0 0 0 0 135000
2088 50.0 7550 0.0 0.0 0.0 951.0 951.0 986 376 0 1362 280.0 0 0 0 0 0 0 0 96000
1441 88.0 12803 99.0 922.0 0.0 572.0 1494.0 1494 0 0 1494 530.0 192 36 0 0 0 0 0 221000
2587 55.0 7700 0.0 271.0 0.0 30.0 301.0 1145 0 0 1145 684.0 0 0 0 0 0 0 0 127000
1988 40.0 3880 0.0 329.0 0.0 357.0 686.0 866 0 0 866 0.0 58 42 0 0 0 0 0 110500
1981 60.0 7200 279.0 0.0 0.0 808.0 808.0 1072 0 0 1072 379.0 0 0 0 0 0 0 0 130000
734 50.0 6000 0.0 672.0 0.0 0.0 672.0 757 567 0 1324 240.0 0 0 0 0 0 0 0 128000
1084 43.0 3182 16.0 0.0 0.0 1266.0 1266.0 1266 0 0 1266 388.0 100 16 0 0 0 0 0 159895
1037 63.0 7560 0.0 119.0 613.0 132.0 864.0 864 0 0 864 576.0 0 0 0 0 0 0 0 123000
657 60.0 10800 0.0 0.0 0.0 676.0 676.0 676 676 0 1352 720.0 187 0 128 0 0 0 0 149000
1592 32.0 4500 197.0 864.0 0.0 325.0 1189.0 1189 0 0 1189 392.0 0 122 0 0 0 0 0 160500
2265 42.0 10331 0.0 215.0 80.0 970.0 1265.0 1240 0 0 1240 528.0 232 0 0 0 0 0 0 174000
328 31.0 2394 0.0 915.0 0.0 30.0 945.0 945 0 0 945 253.0 174 0 56 0 108 0 0 119500
2013 51.0 6120 0.0 0.0 0.0 884.0 884.0 884 0 0 884 240.0 0 0 136 0 0 0 0 113000
1944 60.0 9600 0.0 220.0 0.0 625.0 845.0 893 0 0 893 576.0 0 0 0 0 0 0 0 135000
2139 39.0 16300 0.0 60.0 417.0 399.0 876.0 907 0 0 907 308.0 0 0 0 0 0 0 0 130000
2204 55.0 7642 0.0 0.0 0.0 912.0 912.0 912 514 0 1426 216.0 0 240 0 0 0 0 0 189950
1390 94.0 9239 0.0 634.0 0.0 326.0 960.0 960 0 0 960 300.0 168 0 0 0 0 0 0 144900
694 68.0 4080 0.0 0.0 0.0 901.0 901.0 861 517 0 1378 162.0 54 0 40 0 0 0 0 128900
206 110.0 8472 0.0 104.0 712.0 0.0 816.0 816 0 0 816 516.0 106 0 0 0 0 0 0 110000
1546 60.0 6000 0.0 0.0 0.0 720.0 720.0 760 330 0 1090 240.0 0 0 0 0 0 0 0 120000
1153 65.0 8450 0.0 890.0 0.0 0.0 890.0 890 0 0 890 308.0 0 0 0 0 0 0 0 115000
986 85.0 14115 0.0 732.0 0.0 64.0 796.0 796 566 0 1362 480.0 40 30 0 320 0 0 700 143000
676 60.0 12144 0.0 375.0 0.0 457.0 832.0 1036 0 232 1268 288.0 0 28 0 0 0 0 0 133000
1929 70.0 12198 0.0 780.0 0.0 424.0 1204.0 1411 0 0 1411 310.0 278 82 0 0 0 0 0 130000
1604 37.0 6951 0.0 658.0 0.0 218.0 876.0 923 0 0 923 264.0 362 0 0 0 0 0 0 119500
256 80.0 8816 80.0 504.0 0.0 506.0 1010.0 1052 0 0 1052 440.0 0 0 0 0 0 0 0 155000
53 43.0 3203 14.0 16.0 0.0 1129.0 1145.0 1145 0 0 1145 437.0 100 116 0 0 0 0 0 160000
923 80.0 14680 0.0 793.0 0.0 480.0 1273.0 1273 0 0 1273 307.0 483 0 0 0 115 0 0 155000
1969 70.0 7000 0.0 0.0 0.0 0.0 0.0 925 0 0 925 300.0 0 0 0 0 0 0 0 99000
1549 71.0 6900 0.0 403.0 125.0 212.0 740.0 778 0 0 778 924.0 0 25 0 0 0 0 0 120500
2058 70.0 8425 0.0 748.0 0.0 20.0 768.0 868 0 0 868 576.0 138 0 0 0 0 0 0 119900
1351 50.0 8635 0.0 336.0 41.0 295.0 672.0 1072 213 0 1285 240.0 0 0 0 0 0 0 0 127000
1316 60.0 9600 0.0 141.0 0.0 548.0 689.0 689 689 0 1378 360.0 0 0 116 0 0 0 0 161000
2697 60.0 6780 0.0 490.0 0.0 30.0 520.0 520 0 234 754 0.0 53 0 0 0 0 0 0 84500
191 60.0 10560 0.0 283.0 0.0 455.0 738.0 868 602 0 1470 624.0 0 0 0 0 0 0 0 140750
990 87.0 11029 0.0 528.0 411.0 245.0 1184.0 1414 0 0 1414 601.0 0 51 0 0 190 0 0 176500
607 85.0 9350 217.0 310.0 512.0 491.0 1313.0 1313 0 0 1313 610.0 172 28 0 0 121 0 0 153000
2035 50.0 9000 0.0 0.0 0.0 780.0 780.0 780 595 0 1375 544.0 0 162 0 0 126 0 0 141000
1891 80.0 8800 202.0 654.0 0.0 520.0 1174.0 1200 0 0 1200 440.0 0 0 0 0 0 0 0 163500
198 50.0 6000 0.0 300.0 0.0 480.0 780.0 780 636 0 1416 312.0 221 0 48 0 0 0 0 139900
1379 80.0 13014 39.0 528.0 0.0 480.0 1008.0 1096 0 0 1096 484.0 168 0 0 0 0 0 0 157500
1598 21.0 1596 0.0 437.0 0.0 25.0 462.0 526 462 0 988 297.0 0 101 0 120 0 0 0 94900
1373 55.0 8250 0.0 250.0 492.0 210.0 952.0 1211 0 0 1211 322.0 0 63 0 0 0 0 0 134000
2670 63.0 4761 0.0 0.0 0.0 1020.0 1020.0 1020 0 0 1020 0.0 0 0 105 0 0 0 0 64500
1605 60.0 6600 0.0 641.0 0.0 175.0 816.0 816 0 0 816 264.0 0 0 0 0 0 0 0 130500
2606 60.0 10800 0.0 626.0 0.0 170.0 796.0 1096 370 0 1466 566.0 436 21 0 0 0 0 500 170000
318 73.0 9802 0.0 0.0 0.0 384.0 384.0 744 700 0 1444 400.0 100 0 0 0 0 0 0 174000
1934 68.0 7942 0.0 85.0 955.0 0.0 1040.0 1040 0 0 1040 293.0 0 0 0 0 0 0 0 136000
2839 60.0 8172 0.0 167.0 0.0 697.0 864.0 864 0 0 864 572.0 0 0 0 0 0 0 0 115000
2926 37.0 7937 0.0 819.0 0.0 184.0 1003.0 1003 0 0 1003 588.0 120 0 0 0 0 0 0 142500
2551 80.0 10800 88.0 632.0 0.0 616.0 1248.0 1248 0 0 1248 286.0 0 0 0 0 0 0 0 151500
1601 21.0 1890 0.0 495.0 0.0 135.0 630.0 630 0 0 630 0.0 88 0 0 0 0 0 0 81000
2019 51.0 6120 0.0 0.0 0.0 832.0 832.0 854 0 0 854 576.0 48 112 0 0 0 0 0 132000
76 50.0 8012 0.0 543.0 119.0 261.0 923.0 923 0 0 923 264.0 80 0 0 0 0 0 0 143000
1527 63.0 15564 0.0 0.0 0.0 676.0 676.0 676 588 0 1264 400.0 424 0 0 0 0 0 400 147500
1194 72.0 8872 300.0 595.0 0.0 317.0 912.0 912 0 0 912 576.0 0 240 0 0 0 0 0 147000
232 60.0 9600 0.0 442.0 0.0 625.0 1067.0 1067 0 0 1067 436.0 290 0 0 0 0 0 0 128000
475 71.0 7795 0.0 425.0 0.0 291.0 716.0 716 716 0 1432 432.0 100 51 0 0 0 0 0 188500
1779 49.0 15256 84.0 929.0 0.0 556.0 1485.0 1464 0 0 1464 754.0 168 160 0 0 0 0 0 282922
1043 21.0 1869 127.0 321.0 0.0 162.0 483.0 483 504 0 987 280.0 0 0 0 0 0 0 0 106000
1224 80.0 9600 203.0 658.0 0.0 638.0 1296.0 1496 0 0 1496 450.0 0 22 0 0 0 0 0 141500
241 83.0 10420 0.0 36.0 0.0 1176.0 1212.0 1212 0 0 1212 460.0 100 22 0 0 0 0 0 186000
311 74.0 9620 0.0 679.0 0.0 564.0 1243.0 1285 0 0 1285 473.0 375 26 0 0 0 0 80 190000
360 58.0 7250 45.0 0.0 0.0 1181.0 1181.0 1190 0 0 1190 430.0 0 21 0 0 0 0 0 166000
836 82.0 12464 0.0 732.0 0.0 308.0 1040.0 1040 0 0 1040 576.0 168 0 0 0 0 0 0 152000
602 70.0 9100 0.0 612.0 0.0 252.0 864.0 864 0 0 864 300.0 0 0 0 0 0 0 450 127500
686 60.0 10800 0.0 0.0 0.0 832.0 832.0 832 629 0 1461 384.0 0 204 0 0 0 0 0 133500
2469 62.0 7500 0.0 0.0 0.0 1257.0 1257.0 1266 0 0 1266 453.0 38 144 0 0 0 0 0 176000
2744 57.0 6420 0.0 210.0 551.0 219.0 980.0 1148 0 0 1148 308.0 0 0 0 0 0 0 0 123500
2579 69.0 14850 0.0 895.0 0.0 197.0 1092.0 1092 0 0 1092 299.0 268 0 0 0 122 0 0 141000
645 67.0 13070 0.0 308.0 0.0 323.0 631.0 1112 0 0 1112 480.0 0 0 0 0 255 0 0 126000
2300 69.0 7599 0.0 565.0 0.0 280.0 845.0 845 0 0 845 360.0 0 0 0 0 0 0 0 129500
2160 65.0 8450 0.0 699.0 0.0 638.0 1337.0 1337 0 0 1337 531.0 0 39 0 0 0 0 0 185000
2856 84.0 10164 0.0 646.0 0.0 346.0 992.0 992 473 0 1465 240.0 0 126 0 0 0 0 0 131000
887 67.0 8877 0.0 690.0 0.0 126.0 816.0 816 0 0 816 288.0 0 0 0 0 0 0 0 100000
2006 55.0 6854 0.0 317.0 227.0 212.0 756.0 916 144 0 1060 308.0 0 65 0 0 150 0 0 136500
1993 35.0 4571 0.0 168.0 0.0 448.0 616.0 616 616 0 1232 480.0 280 0 143 0 0 0 0 114000
132 80.0 9920 110.0 354.0 290.0 412.0 1056.0 1063 0 0 1063 280.0 0 0 164 0 0 0 0 128000
2234 50.0 5000 0.0 116.0 0.0 604.0 720.0 803 0 0 803 360.0 0 0 244 0 0 0 0 87000
1036 68.0 10295 72.0 252.0 0.0 684.0 936.0 936 0 0 936 288.0 16 0 0 0 0 0 0 111900
747 50.0 8635 0.0 134.0 0.0 938.0 1072.0 1072 0 0 1072 1184.0 0 0 105 0 0 0 0 126500
632 70.0 8400 0.0 189.0 661.0 628.0 1478.0 1478 0 0 1478 442.0 114 0 0 0 216 0 0 156500
1844 34.0 3230 1129.0 419.0 0.0 310.0 729.0 729 729 0 1458 440.0 0 32 0 0 0 0 0 176000
2575 70.0 8400 0.0 623.0 0.0 556.0 1179.0 1364 0 0 1364 331.0 0 60 0 0 0 0 0 132000
2729 72.0 10820 153.0 535.0 159.0 88.0 782.0 810 0 0 810 576.0 0 0 0 0 0 0 0 130000
2683 50.0 6000 0.0 397.0 0.0 706.0 1103.0 1103 0 0 1103 440.0 166 120 0 0 0 0 0 110500
622 80.0 9600 0.0 607.0 0.0 506.0 1113.0 1113 0 0 1113 264.0 0 80 120 0 0 0 0 147000
1290 60.0 4800 0.0 0.0 0.0 672.0 672.0 672 0 0 672 256.0 0 0 0 0 0 0 0 64000
85 88.0 11782 0.0 899.0 0.0 210.0 1109.0 1155 0 0 1155 576.0 192 0 0 0 0 0 400 148000
1913 100.0 9600 291.0 600.0 0.0 618.0 1218.0 1254 0 0 1254 525.0 0 0 0 0 168 0 0 158500
2121 65.0 8775 0.0 495.0 0.0 495.0 990.0 990 0 0 990 299.0 0 64 0 0 0 0 0 126000
1244 75.0 9464 135.0 570.0 0.0 510.0 1080.0 1080 0 0 1080 288.0 0 0 0 0 130 0 0 136000
1095 60.0 15384 0.0 724.0 0.0 64.0 788.0 788 702 0 1490 388.0 100 75 0 0 0 0 0 184000
832 79.0 11646 0.0 0.0 0.0 704.0 704.0 704 718 0 1422 440.0 36 28 0 0 0 0 0 173000
2595 50.0 7000 0.0 617.0 0.0 0.0 617.0 865 445 0 1310 398.0 0 0 126 0 0 0 0 112000
536 63.0 7500 0.0 0.0 0.0 1158.0 1158.0 1158 0 0 1158 0.0 0 50 0 0 0 0 0 143500
2685 58.0 6380 0.0 0.0 0.0 993.0 993.0 1048 0 0 1048 280.0 0 0 116 0 0 0 0 113000
1947 60.0 10134 0.0 0.0 0.0 735.0 735.0 735 299 0 1034 240.0 0 39 0 0 0 0 0 109000
1414 50.0 8405 0.0 241.0 391.0 229.0 861.0 961 406 0 1367 384.0 0 130 112 0 0 0 0 119000
2537 70.0 8400 0.0 744.0 0.0 89.0 833.0 898 0 0 898 326.0 143 0 0 0 0 0 0 140000
911 43.0 5707 0.0 0.0 0.0 583.0 583.0 647 595 0 1242 180.0 329 96 0 0 0 0 0 105000
1402 73.0 39104 0.0 226.0 1063.0 96.0 1385.0 1363 0 0 1363 439.0 81 0 0 0 0 0 0 241500
2208 53.0 5362 0.0 0.0 0.0 661.0 661.0 661 589 0 1250 552.0 242 0 81 0 0 0 0 139000
2288 21.0 1495 189.0 384.0 0.0 162.0 546.0 546 546 0 1092 0.0 0 64 0 0 0 0 0 93900
715 50.0 3500 0.0 312.0 0.0 408.0 720.0 720 564 0 1284 240.0 0 35 0 0 0 0 0 110000
1819 64.0 6285 0.0 138.0 351.0 405.0 894.0 894 0 0 894 308.0 192 0 0 0 0 0 0 120750
2191 70.0 11767 0.0 0.0 0.0 560.0 560.0 796 550 0 1346 384.0 168 24 0 0 0 0 0 112000
2588 65.0 11050 0.0 488.0 0.0 517.0 1005.0 1005 0 0 1005 319.0 0 0 0 0 288 0 0 133500
2289 21.0 2001 80.0 0.0 0.0 546.0 546.0 546 546 0 1092 286.0 0 0 0 0 0 0 0 75000
1476 65.0 8450 266.0 946.0 0.0 490.0 1436.0 1436 0 0 1436 484.0 139 98 0 0 0 0 0 210000
934 24.0 1488 0.0 471.0 0.0 90.0 561.0 561 668 0 1229 462.0 176 0 0 0 0 0 0 137000
2127 60.0 8070 0.0 588.0 0.0 402.0 990.0 990 0 0 990 0.0 0 0 0 0 0 0 0 123600
2676 52.0 6240 0.0 0.0 0.0 816.0 816.0 816 0 360 1176 528.0 112 0 0 0 0 0 400 114500
1336 50.0 6000 0.0 0.0 0.0 949.0 949.0 949 0 0 949 370.0 0 0 48 0 0 0 0 119000
2906 32.0 4500 116.0 897.0 0.0 319.0 1216.0 1216 0 0 1216 402.0 0 125 0 0 0 0 0 164000
779 88.0 15312 54.0 588.0 0.0 550.0 1138.0 1138 0 0 1138 480.0 0 0 0 0 140 0 0 148000
2509 24.0 2544 0.0 0.0 0.0 600.0 600.0 520 623 80 1223 480.0 0 166 0 0 0 0 0 149900
660 60.0 10230 0.0 0.0 0.0 1054.0 1054.0 1078 0 0 1078 264.0 0 0 0 0 112 0 0 125000
2527 90.0 11700 420.0 404.0 0.0 304.0 708.0 708 708 0 1416 776.0 0 169 0 0 119 0 0 179900
156 85.0 10200 104.0 320.0 362.0 404.0 1086.0 1086 0 0 1086 490.0 0 0 0 0 0 0 0 144900
1209 100.0 10175 272.0 490.0 0.0 935.0 1425.0 1425 0 0 1425 576.0 0 0 0 407 0 0 0 180500
2039 60.0 7200 0.0 0.0 0.0 530.0 530.0 581 530 0 1111 288.0 0 0 144 0 0 0 0 101000
2207 40.0 4280 0.0 365.0 0.0 75.0 440.0 694 0 0 694 352.0 0 0 34 0 0 0 0 90350
172 56.0 4485 0.0 579.0 0.0 357.0 936.0 936 0 0 936 0.0 51 0 135 0 0 0 0 109500
163 75.0 7500 0.0 340.0 906.0 0.0 1246.0 1246 0 0 1246 305.0 218 0 0 0 0 0 0 154000
548 75.0 10762 0.0 0.0 0.0 626.0 626.0 626 591 0 1217 288.0 0 28 0 0 0 0 0 120000
1883 80.0 8892 66.0 0.0 0.0 1065.0 1065.0 1065 0 0 1065 461.0 74 0 0 0 0 0 0 126500
88 75.0 7500 0.0 824.0 0.0 216.0 1040.0 1040 0 0 1040 308.0 0 0 220 0 0 0 0 133000
2592 70.0 13300 0.0 494.0 0.0 521.0 1015.0 1384 0 0 1384 896.0 75 0 0 323 0 0 400 159000
391 78.0 10140 174.0 0.0 0.0 1064.0 1064.0 1350 0 0 1350 478.0 0 0 0 0 0 0 0 165000
2372 21.0 1680 504.0 382.0 0.0 143.0 525.0 525 567 0 1092 264.0 352 0 0 0 0 0 0 108000
638 70.0 8750 0.0 172.0 483.0 727.0 1382.0 1382 0 0 1382 350.0 280 0 0 0 0 0 0 153000
408 21.0 1680 268.0 231.0 0.0 399.0 630.0 630 672 0 1302 264.0 185 0 0 0 0 0 0 119500
174 69.0 5805 0.0 274.0 1073.0 0.0 1347.0 1347 0 0 1347 551.0 0 0 0 0 0 0 0 143000
2374 53.0 4043 0.0 727.0 156.0 186.0 1069.0 1069 0 0 1069 440.0 0 55 0 0 225 0 0 146300
2085 39.0 3869 149.0 283.0 755.0 0.0 1038.0 1038 0 0 1038 264.0 0 105 0 0 0 0 0 130000
402 60.0 9000 0.0 240.0 0.0 624.0 864.0 864 0 0 864 576.0 200 0 0 0 0 0 0 130000
2695 60.0 7200 0.0 0.0 0.0 803.0 803.0 803 557 0 1360 297.0 0 65 190 0 0 0 0 125500
2365 24.0 2760 514.0 0.0 0.0 525.0 525.0 525 567 0 1092 440.0 0 0 0 0 0 0 0 105500
1298 60.0 6756 0.0 0.0 0.0 481.0 481.0 899 0 0 899 200.0 0 0 96 0 0 0 0 78000
273 65.0 8773 98.0 24.0 0.0 1390.0 1414.0 1414 0 0 1414 494.0 132 105 0 0 0 0 0 185500
334 50.0 6953 0.0 469.0 0.0 395.0 864.0 874 0 0 874 352.0 0 0 0 0 0 0 0 130000
1734 88.0 12216 0.0 918.0 0.0 408.0 1326.0 1326 0 0 1326 388.0 120 23 0 0 0 0 2000 203000
796 42.0 4235 149.0 552.0 393.0 104.0 1049.0 1049 0 0 1049 266.0 0 105 0 0 0 0 0 139500
2370 21.0 1680 281.0 317.0 0.0 355.0 672.0 672 546 0 1218 264.0 0 28 0 0 0 0 0 118000
963 130.0 11457 0.0 1005.0 0.0 387.0 1392.0 1412 0 0 1412 576.0 0 0 169 0 0 0 0 175000
2669 65.0 9750 0.0 0.0 0.0 960.0 960.0 960 0 0 960 624.0 0 0 0 0 0 0 4500 125000
555 63.0 9750 0.0 68.0 884.0 28.0 980.0 980 0 0 980 400.0 0 28 0 0 0 0 0 110000
1312 69.0 9143 0.0 0.0 0.0 346.0 346.0 709 308 0 1017 308.0 0 0 139 0 0 0 0 114000
738 60.0 6000 444.0 220.0 0.0 248.0 468.0 822 320 0 1142 320.0 0 0 98 0 0 0 0 93000
1977 56.0 4480 0.0 782.0 0.0 240.0 1022.0 1022 0 0 1022 184.0 0 122 20 0 0 0 0 89500
162 60.0 8064 0.0 481.0 174.0 161.0 816.0 816 408 0 1224 280.0 414 0 0 0 0 0 0 132000
1072 135.0 12304 144.0 20.0 0.0 1347.0 1367.0 1367 0 0 1367 484.0 0 33 0 0 0 0 0 192000
1520 60.0 7290 174.0 0.0 0.0 1228.0 1228.0 1424 0 0 1424 312.0 0 0 90 0 0 0 0 168000
2874 50.0 7000 0.0 374.0 0.0 487.0 861.0 861 424 0 1285 506.0 96 0 132 0 0 0 0 145400
260 38.0 15240 0.0 198.0 688.0 140.0 1026.0 1026 0 0 1026 308.0 316 85 0 0 0 0 0 150000
1076 48.0 6240 176.0 846.0 0.0 496.0 1342.0 1342 0 0 1342 550.0 0 35 0 0 0 0 0 234250
683 60.0 7200 0.0 630.0 102.0 0.0 732.0 732 0 0 732 240.0 0 68 0 0 0 0 0 118900
2122 105.0 11249 0.0 334.0 544.0 322.0 1200.0 1200 0 0 1200 521.0 0 26 0 0 0 0 0 177500
654 50.0 8000 0.0 680.0 0.0 292.0 972.0 972 0 0 972 240.0 0 0 0 0 0 0 0 132000
1236 71.0 9204 0.0 25.0 872.0 247.0 1144.0 1144 0 0 1144 336.0 0 88 0 0 0 0 0 124000
553 60.0 8400 0.0 0.0 0.0 721.0 721.0 841 0 0 841 294.0 250 0 24 0 0 0 0 82000
2690 153.0 4118 0.0 0.0 0.0 693.0 693.0 693 0 0 693 0.0 0 20 0 0 0 0 0 52500
942 60.0 6402 0.0 0.0 0.0 596.0 596.0 596 596 0 1192 189.0 0 0 137 0 0 0 0 78000
2111 64.0 7242 0.0 0.0 0.0 1270.0 1270.0 1270 0 0 1270 524.0 0 96 0 0 0 0 0 175900
1395 60.0 10200 0.0 0.0 0.0 672.0 672.0 672 0 0 672 240.0 168 0 0 0 0 0 0 108000
987 62.0 10429 0.0 330.0 0.0 294.0 624.0 624 663 0 1287 440.0 150 0 0 0 0 0 0 130000
1509 70.0 11767 0.0 352.0 0.0 416.0 768.0 768 432 0 1200 240.0 0 0 0 0 0 0 0 130500
1432 65.0 9750 0.0 722.0 0.0 268.0 990.0 990 0 0 990 528.0 168 0 0 0 0 0 0 155000
1263 76.0 11355 125.0 637.0 0.0 675.0 1312.0 1312 0 0 1312 495.0 0 304 144 0 0 0 6500 186000
1080 59.0 8198 146.0 720.0 0.0 638.0 1358.0 1358 0 0 1358 484.0 192 30 0 0 0 0 0 207000
2141 70.0 7700 0.0 138.0 468.0 276.0 882.0 882 0 0 882 461.0 96 0 0 0 0 0 0 112500
2359 80.0 10000 176.0 755.0 0.0 348.0 1103.0 1103 0 0 1103 462.0 295 84 0 0 0 0 0 155000
2788 60.0 7200 0.0 437.0 0.0 427.0 864.0 864 0 0 864 297.0 0 0 0 0 0 0 0 119900
121 90.0 9900 0.0 1059.0 0.0 150.0 1209.0 1209 0 0 1209 504.0 0 0 120 0 0 0 0 159000
28 70.0 10500 0.0 432.0 0.0 432.0 864.0 864 0 0 864 0.0 0 0 0 0 0 0 0 115000
316 88.0 11896 60.0 78.0 0.0 1258.0 1336.0 1346 0 0 1346 660.0 100 48 0 0 0 0 0 220000
352 61.0 7380 0.0 341.0 0.0 1077.0 1418.0 1478 0 0 1478 495.0 168 43 0 0 0 0 0 240000
2363 60.0 7200 0.0 20.0 620.0 224.0 864.0 874 0 0 874 576.0 63 0 0 0 0 0 0 97500
1675 26.0 10943 0.0 930.0 0.0 475.0 1405.0 1337 0 0 1337 522.0 0 68 0 0 0 0 0 177000
255 82.0 14235 0.0 0.0 0.0 676.0 676.0 831 614 0 1445 484.0 0 59 0 0 0 0 0 138500
2508 24.0 2544 0.0 0.0 0.0 600.0 600.0 520 623 80 1223 480.0 0 166 0 0 0 0 0 147400
2630 70.0 7000 0.0 781.0 0.0 369.0 1150.0 1150 0 0 1150 288.0 0 0 0 0 162 0 0 146000
1155 65.0 6768 0.0 832.0 0.0 80.0 912.0 912 0 0 912 288.0 168 0 0 0 0 0 0 142000
1049 24.0 2529 0.0 378.0 0.0 677.0 1055.0 1055 0 0 1055 440.0 0 38 0 0 0 0 0 148500
2107 74.0 8556 0.0 0.0 0.0 1240.0 1240.0 1240 0 0 1240 826.0 140 93 0 0 0 0 0 194000
1478 85.0 11049 0.0 0.0 0.0 1234.0 1234.0 1234 0 0 1234 484.0 0 30 0 0 0 0 0 179900
1469 37.0 4435 170.0 686.0 0.0 162.0 848.0 848 0 0 848 420.0 140 0 0 0 0 0 0 136500
2303 65.0 11625 0.0 596.0 0.0 220.0 816.0 816 0 0 816 264.0 330 0 0 0 0 0 0 139000
650 75.0 9533 140.0 0.0 0.0 0.0 0.0 1210 0 0 1210 616.0 208 0 100 0 0 0 0 102900
977 83.0 13383 176.0 594.0 0.0 594.0 1188.0 1404 0 0 1404 504.0 0 16 0 0 0 0 0 160000
2706 75.0 11235 51.0 547.0 0.0 504.0 1051.0 1382 0 0 1382 459.0 0 82 0 0 0 0 0 148000
223 65.0 7800 47.0 240.0 474.0 150.0 864.0 892 0 0 892 416.0 0 0 0 0 0 0 0 137900
1989 60.0 8520 0.0 0.0 0.0 968.0 968.0 968 0 0 968 480.0 0 0 184 0 0 0 0 100000
2084 58.0 9098 0.0 348.0 0.0 180.0 528.0 605 0 0 605 0.0 0 0 144 0 0 0 0 86000
641 74.0 8532 650.0 1213.0 0.0 84.0 1297.0 1297 0 0 1297 498.0 0 0 0 0 0 0 0 153000
1577 73.0 9802 0.0 0.0 0.0 352.0 352.0 712 730 0 1442 400.0 100 0 0 0 0 0 0 172500
951 75.0 9750 0.0 767.0 0.0 135.0 902.0 926 0 0 926 351.0 319 0 0 0 0 0 0 156450
284 60.0 12180 0.0 348.0 0.0 324.0 672.0 672 252 0 924 280.0 0 0 0 0 0 0 0 80000
2005 76.0 11800 0.0 0.0 0.0 0.0 0.0 1382 0 0 1382 384.0 0 40 0 0 0 0 0 110000
1412 50.0 9350 0.0 864.0 0.0 0.0 864.0 864 0 0 864 0.0 0 0 0 0 0 0 0 99600
81 81.0 9672 0.0 338.0 0.0 702.0 1040.0 1097 0 0 1097 480.0 0 0 0 0 0 0 0 152000
2012 60.0 6000 0.0 375.0 0.0 360.0 735.0 869 349 0 1218 440.0 0 0 0 0 0 0 0 131000
1343 52.0 6240 0.0 80.0 0.0 624.0 704.0 624 512 0 1136 336.0 0 365 80 0 0 0 0 123000
1397 63.0 8375 0.0 336.0 0.0 240.0 576.0 864 486 0 1350 627.0 0 0 0 0 0 0 0 152400
1568 75.0 10125 0.0 641.0 279.0 276.0 1196.0 1279 0 0 1279 473.0 238 83 0 0 0 0 0 171500
646 60.0 10434 0.0 0.0 0.0 1005.0 1005.0 1005 0 0 1005 672.0 0 0 0 0 0 0 0 115000
1901 85.0 12172 0.0 130.0 259.0 433.0 822.0 908 0 0 908 512.0 284 24 0 0 192 0 0 138500
663 90.0 5400 0.0 0.0 0.0 416.0 416.0 599 0 0 599 0.0 0 81 0 0 0 0 0 59000
861 60.0 7200 0.0 660.0 0.0 108.0 768.0 768 0 0 768 396.0 192 0 0 0 0 0 0 133900
1238 74.0 8856 143.0 621.0 52.0 503.0 1176.0 1176 0 0 1176 292.0 0 88 0 0 95 0 0 136500
2857 51.0 6191 0.0 384.0 0.0 440.0 824.0 824 464 0 1288 240.0 0 0 0 0 0 0 0 112000
2138 45.0 8982 0.0 539.0 0.0 501.0 1040.0 1040 0 0 1040 748.0 0 0 0 0 0 0 0 134900
1976 50.0 6000 0.0 276.0 0.0 569.0 845.0 866 430 0 1296 576.0 0 0 175 0 0 0 0 127500
2366 24.0 2160 200.0 402.0 0.0 363.0 765.0 765 600 0 1365 440.0 0 36 0 0 0 0 0 125500
1163 30.0 3180 0.0 390.0 0.0 210.0 600.0 600 600 0 1200 480.0 0 166 0 0 0 0 0 165000
490 62.0 7750 0.0 0.0 0.0 384.0 384.0 774 656 0 1430 400.0 0 0 0 0 0 0 0 156000
1364 60.0 7200 0.0 0.0 0.0 1040.0 1040.0 1040 0 0 1040 320.0 0 132 0 0 0 0 0 127500
262 75.0 10650 0.0 182.0 712.0 0.0 894.0 894 0 0 894 308.0 365 0 0 0 0 0 0 128200
591 80.0 9650 360.0 686.0 0.0 664.0 1350.0 1334 0 0 1334 630.0 0 16 0 0 0 0 0 167900
2269 73.0 9590 442.0 786.0 0.0 82.0 868.0 1146 0 0 1146 438.0 160 22 0 0 0 0 0 187500
952 72.0 9360 0.0 841.0 116.0 0.0 957.0 1287 0 0 1287 541.0 302 39 0 0 120 0 0 173000
2070 85.0 13770 340.0 190.0 873.0 95.0 1158.0 1176 0 0 1176 303.0 0 0 0 0 0 0 0 137000
1280 60.0 7200 0.0 0.0 0.0 825.0 825.0 825 0 0 825 350.0 0 0 0 0 0 0 0 109500
30 21.0 1680 504.0 156.0 0.0 327.0 483.0 483 504 0 987 264.0 275 0 0 0 0 0 0 96000
1228 63.0 7584 88.0 531.0 0.0 505.0 1036.0 1036 0 0 1036 312.0 120 24 0 0 0 0 0 112900
712 60.0 8520 0.0 0.0 0.0 624.0 624.0 792 0 0 792 287.0 0 0 81 0 0 0 0 99500
2727 87.0 13050 0.0 104.0 850.0 46.0 1000.0 1000 0 0 1000 575.0 238 0 148 0 0 0 0 164000
856 61.0 8800 0.0 532.0 144.0 364.0 1040.0 1040 0 0 1040 484.0 0 0 0 0 288 0 0 150500
1658 70.0 12243 0.0 998.0 0.0 486.0 1484.0 1484 0 0 1484 487.0 224 0 0 0 180 0 0 175000
1578 73.0 9735 0.0 0.0 0.0 384.0 384.0 754 640 0 1394 400.0 100 0 0 0 0 0 0 167500
554 60.0 9000 0.0 0.0 0.0 784.0 784.0 784 0 0 784 360.0 0 0 91 0 0 0 0 76000
917 52.0 6292 0.0 0.0 0.0 861.0 861.0 877 600 0 1477 216.0 0 50 0 0 0 0 0 145000
343 85.0 10200 440.0 844.0 0.0 590.0 1434.0 1434 0 0 1434 528.0 80 21 0 0 0 0 0 157000
2063 71.0 8197 148.0 0.0 0.0 660.0 660.0 1285 0 0 1285 528.0 138 0 0 0 0 0 0 143500
1899 70.0 9842 0.0 0.0 0.0 0.0 0.0 1224 0 0 1224 462.0 0 0 0 0 0 0 0 101800
2291 21.0 1890 0.0 0.0 0.0 546.0 546.0 546 546 0 1092 286.0 0 0 0 0 0 0 0 75190
1367 49.0 8235 0.0 180.0 645.0 0.0 825.0 825 0 0 825 720.0 140 50 0 0 0 0 0 125000
2594 50.0 7500 0.0 0.0 0.0 784.0 784.0 900 412 0 1312 649.0 0 28 0 0 0 0 0 127000
13 63.0 8402 0.0 0.0 0.0 789.0 789.0 789 676 0 1465 393.0 0 75 0 0 0 0 0 180400
2158 73.0 17227 158.0 915.0 0.0 426.0 1341.0 1341 0 0 1341 482.0 240 84 0 0 0 0 0 246900
2699 82.0 12375 41.0 329.0 0.0 477.0 806.0 1081 341 0 1422 288.0 0 0 0 0 0 0 0 137500
1680 24.0 1920 376.0 471.0 0.0 294.0 765.0 765 600 0 1365 440.0 240 36 0 0 0 0 0 122500
659 52.0 9022 0.0 0.0 0.0 768.0 768.0 792 0 0 792 240.0 316 0 120 0 0 0 0 109500
2142 120.0 10356 0.0 716.0 0.0 253.0 969.0 969 0 0 969 440.0 0 0 0 0 0 0 0 122000
1921 75.0 9750 243.0 608.0 0.0 834.0 1442.0 1442 0 0 1442 301.0 0 0 275 0 0 0 500 157900
2581 72.0 10011 64.0 360.0 0.0 710.0 1070.0 1236 0 0 1236 447.0 0 0 0 0 0 0 0 134450
614 68.0 9768 0.0 100.0 247.0 613.0 960.0 960 0 0 960 330.0 0 70 0 0 0 0 0 122000
31 21.0 1680 492.0 300.0 0.0 225.0 525.0 525 567 0 1092 320.0 0 0 0 0 0 0 0 105500
1808 63.0 7500 0.0 0.0 0.0 1143.0 1143.0 1143 0 0 1143 0.0 0 55 0 0 0 0 0 147000
1032 80.0 10000 0.0 1084.0 0.0 92.0 1176.0 1178 0 0 1178 439.0 224 0 0 0 0 0 0 157000
399 60.0 6960 0.0 375.0 239.0 250.0 864.0 864 0 0 864 660.0 96 0 0 0 0 0 500 120500
188 90.0 7407 0.0 600.0 0.0 312.0 912.0 1236 0 0 1236 923.0 0 158 158 0 0 0 0 149700
2242 64.0 11067 0.0 0.0 0.0 0.0 0.0 640 0 205 845 256.0 48 0 0 0 0 0 0 68104
134 78.0 7800 200.0 540.0 0.0 728.0 1268.0 1268 0 0 1268 244.0 0 98 0 0 0 0 0 132000
2559 80.0 9600 0.0 915.0 0.0 336.0 1251.0 1433 0 0 1433 441.0 144 0 205 0 0 0 0 161000
1378 70.0 11200 0.0 906.0 0.0 134.0 1040.0 1040 0 0 1040 384.0 0 0 0 0 0 0 0 129500
2505 34.0 3628 0.0 0.0 0.0 1143.0 1143.0 1143 0 0 1143 588.0 0 191 0 0 0 0 0 176400
1340 50.0 5000 0.0 0.0 0.0 992.0 992.0 1013 0 0 1013 160.0 0 0 101 0 0 0 0 113000
1874 80.0 10800 203.0 617.0 264.0 171.0 1052.0 1052 0 0 1052 311.0 0 133 0 0 0 0 0 127000
556 71.0 7064 153.0 560.0 0.0 420.0 980.0 980 0 0 980 484.0 192 0 0 0 0 0 0 135000
970 75.0 12518 182.0 532.0 0.0 476.0 1008.0 1008 0 0 1008 384.0 144 0 0 0 0 0 0 139500
975 62.0 9858 0.0 510.0 0.0 354.0 864.0 874 0 0 874 288.0 33 0 0 0 0 0 600 130000
2148 70.0 8749 100.0 0.0 0.0 1459.0 1459.0 1459 0 0 1459 527.0 192 39 0 0 0 0 0 192000
1301 100.0 12000 0.0 144.0 608.0 172.0 924.0 1122 0 0 1122 528.0 0 36 0 0 0 0 0 147000
2056 99.0 7094 0.0 180.0 374.0 340.0 894.0 894 0 0 894 384.0 0 0 0 0 0 0 0 125000
1719 41.0 6289 256.0 762.0 0.0 600.0 1362.0 1362 0 0 1362 460.0 192 28 0 0 0 0 0 207000
885 67.0 8777 0.0 0.0 0.0 0.0 0.0 1126 0 0 1126 520.0 0 96 0 0 0 0 0 108000
653 60.0 9600 0.0 390.0 0.0 810.0 1200.0 1200 0 0 1200 246.0 126 0 0 0 0 0 0 129900
2089 60.0 9060 98.0 0.0 0.0 0.0 0.0 1340 0 0 1340 252.0 116 0 0 180 0 0 0 120000
2179 60.0 7024 0.0 980.0 0.0 110.0 1090.0 1090 0 0 1090 450.0 0 49 0 0 0 0 0 157000
1557 52.0 5150 0.0 0.0 0.0 356.0 356.0 671 378 0 1049 195.0 0 0 0 0 0 0 0 80900
1041 21.0 1680 158.0 330.0 0.0 153.0 483.0 483 504 0 987 264.0 0 0 0 0 0 0 0 100000
1609 74.0 12395 0.0 647.0 0.0 217.0 864.0 889 0 0 889 484.0 0 0 0 0 0 0 0 137500
395 61.0 7930 0.0 439.0 472.0 115.0 1026.0 1026 0 0 1026 440.0 171 48 0 0 0 0 0 156000
707 50.0 6000 0.0 0.0 0.0 811.0 811.0 811 576 0 1387 256.0 0 0 0 0 0 0 0 93000
1593 150.0 14137 98.0 865.0 247.0 88.0 1200.0 1200 0 0 1200 850.0 0 119 0 0 171 0 0 173000
980 21.0 2217 0.0 273.0 273.0 0.0 546.0 546 546 0 1092 286.0 238 0 0 0 0 0 0 88000
829 95.0 10324 140.0 872.0 0.0 382.0 1254.0 1254 0 0 1254 810.0 168 92 0 0 0 0 0 221800
994 65.0 8139 119.0 476.0 0.0 204.0 680.0 680 790 0 1470 420.0 192 49 0 0 0 0 0 165000
1356 55.0 10267 0.0 210.0 606.0 0.0 816.0 838 0 0 838 275.0 0 0 112 0 0 0 0 130000
2506 37.0 3316 0.0 1039.0 0.0 208.0 1247.0 1247 0 0 1247 550.0 0 84 0 0 0 0 0 197000
1556 50.0 8500 0.0 0.0 0.0 649.0 649.0 649 668 0 1317 250.0 0 54 172 0 0 0 0 40000
272 70.0 8400 109.0 712.0 0.0 761.0 1473.0 1484 0 0 1484 606.0 0 35 0 144 0 0 0 213000
936 24.0 1300 0.0 285.0 0.0 276.0 561.0 561 668 0 1229 462.0 150 0 0 0 0 0 0 124000
1884 65.0 10482 63.0 507.0 0.0 81.0 588.0 1138 0 0 1138 264.0 224 0 0 0 0 0 0 145000
2143 60.0 7200 0.0 671.0 0.0 193.0 864.0 864 0 0 864 576.0 155 0 0 0 0 0 0 127000
2055 70.0 8400 0.0 187.0 627.0 0.0 814.0 913 0 0 913 240.0 0 0 252 0 0 0 0 129000
2888 70.0 9116 0.0 0.0 0.0 1491.0 1491.0 1491 0 0 1491 490.0 120 100 0 0 0 0 0 209000
2050 75.0 11235 30.0 785.0 0.0 635.0 1420.0 1452 0 0 1452 572.0 92 0 88 0 0 0 0 158450
903 67.0 12354 0.0 0.0 0.0 684.0 684.0 684 512 0 1196 528.0 0 46 0 0 0 0 800 110000
2572 109.0 9723 332.0 0.0 0.0 1008.0 1008.0 1008 0 0 1008 430.0 0 0 0 0 0 0 0 135000
2296 68.0 8286 0.0 531.0 0.0 185.0 716.0 716 716 0 1432 531.0 0 136 0 0 240 0 0 157000
83 70.0 9800 0.0 0.0 0.0 816.0 816.0 1012 0 0 1012 429.0 121 0 80 0 0 0 0 67500
1716 61.0 7577 256.0 20.0 0.0 1342.0 1362.0 1362 0 0 1362 460.0 192 28 0 0 0 0 0 194700
1240 76.0 9120 0.0 662.0 0.0 599.0 1261.0 1261 0 0 1261 433.0 0 0 0 0 288 0 1400 163000
2549 75.0 10382 105.0 513.0 0.0 75.0 588.0 1095 0 0 1095 264.0 0 0 0 0 0 0 0 140000
1413 50.0 9360 216.0 324.0 0.0 297.0 621.0 621 648 0 1269 280.0 0 236 0 0 0 0 0 134500
1903 50.0 5000 0.0 299.0 0.0 367.0 666.0 666 0 0 666 0.0 0 52 0 0 0 0 0 64500
1547 40.0 3636 0.0 0.0 0.0 796.0 796.0 796 0 0 796 0.0 0 0 100 0 0 0 0 55000
2262 64.0 9037 32.0 428.0 0.0 1048.0 1476.0 1484 0 0 1484 472.0 120 33 0 0 0 0 0 265900
1930 75.0 10050 0.0 288.0 0.0 928.0 1216.0 1216 0 0 1216 336.0 0 0 0 0 0 0 0 129500
1962 60.0 7200 0.0 398.0 149.0 317.0 864.0 864 0 0 864 720.0 194 0 0 0 0 0 0 129000
1255 60.0 10122 0.0 0.0 0.0 0.0 0.0 869 0 0 869 390.0 0 0 66 0 0 0 0 89900
1370 60.0 10320 0.0 0.0 0.0 536.0 536.0 808 536 0 1344 0.0 42 0 204 0 0 0 0 82375
487 61.0 9734 0.0 241.0 113.0 30.0 384.0 744 630 0 1374 400.0 0 0 0 0 0 0 0 167000
1493 90.0 10012 0.0 920.0 180.0 38.0 1138.0 1181 0 0 1181 588.0 0 0 180 0 0 0 0 137500
1603 59.0 6490 0.0 534.0 0.0 282.0 816.0 816 0 0 816 264.0 315 0 0 0 0 0 0 128500
1077 48.0 6240 196.0 24.0 0.0 1318.0 1342.0 1342 0 0 1342 550.0 0 35 0 0 0 0 0 219500
460 48.0 6472 500.0 0.0 0.0 1451.0 1451.0 1456 0 0 1456 539.0 192 42 0 0 0 0 0 248500
2086 58.0 9280 0.0 557.0 0.0 785.0 1342.0 1342 0 0 1342 256.0 0 0 0 0 0 0 0 125000
896 70.0 11767 0.0 1078.0 0.0 0.0 1078.0 1368 0 0 1368 195.0 0 41 211 0 0 0 900 120000
1909 79.0 9492 0.0 368.0 41.0 359.0 768.0 968 408 0 1376 240.0 0 0 0 0 0 0 0 105000
173 56.0 8960 0.0 0.0 0.0 1008.0 1008.0 1028 0 0 1028 360.0 0 0 130 0 0 0 0 115000
1813 65.0 8450 108.0 0.0 0.0 1349.0 1349.0 1349 0 0 1349 539.0 120 55 0 0 0 0 0 179000
1667 66.0 7920 32.0 81.0 619.0 214.0 914.0 914 0 0 914 368.0 120 0 0 0 0 0 0 133000
452 47.0 6904 240.0 836.0 0.0 522.0 1358.0 1358 0 0 1358 484.0 192 36 0 0 0 0 0 213000
1267 74.0 8892 0.0 0.0 0.0 105.0 105.0 910 0 0 910 414.0 196 0 150 0 0 0 0 116000
1893 85.0 9350 108.0 270.0 580.0 452.0 1302.0 1302 0 0 1302 309.0 333 0 0 0 0 0 0 158000
1003 39.0 5070 0.0 0.0 0.0 1280.0 1280.0 1280 0 0 1280 506.0 0 82 0 0 144 0 0 180000
985 70.0 7669 0.0 718.0 110.0 0.0 828.0 883 0 0 883 698.0 100 32 0 0 0 0 0 149000
2481 50.0 7175 0.0 904.0 0.0 494.0 1398.0 1398 0 0 1398 542.0 0 46 0 0 0 0 0 172000
1657 128.0 13001 176.0 492.0 121.0 1012.0 1625.0 1220 0 0 1220 944.0 0 0 249 0 0 0 0 170000
1674 33.0 4113 0.0 0.0 0.0 1337.0 1337.0 1337 0 0 1337 511.0 136 68 0 0 0 0 0 155000
1274 60.0 8064 0.0 315.0 0.0 453.0 768.0 819 501 0 1320 576.0 108 0 0 0 0 0 0 138000
1040 21.0 1680 359.0 458.0 0.0 25.0 483.0 483 504 0 987 264.0 52 0 0 0 0 0 0 103400
1486 67.0 8777 0.0 0.0 0.0 796.0 796.0 796 0 0 796 0.0 328 0 164 0 0 0 0 85000
2517 30.0 9549 0.0 437.0 1057.0 0.0 1494.0 1494 0 0 1494 481.0 0 30 0 0 216 0 0 270000
800 74.0 10778 0.0 460.0 286.0 308.0 1054.0 1061 0 0 1061 462.0 114 36 0 0 0 0 0 162000
830 64.0 7314 82.0 724.0 0.0 508.0 1232.0 1232 0 0 1232 632.0 132 0 0 0 0 0 0 194500
1567 76.0 9880 0.0 522.0 0.0 574.0 1096.0 1118 0 0 1118 358.0 203 0 0 0 0 576 0 171000
1291 60.0 6000 0.0 0.0 0.0 728.0 728.0 728 728 0 1456 308.0 0 0 248 0 0 0 0 139500
2608 85.0 13400 1047.0 516.0 128.0 380.0 1024.0 1086 0 0 1086 484.0 0 0 0 0 0 0 0 159950
735 50.0 6000 0.0 0.0 0.0 698.0 698.0 786 390 0 1176 624.0 210 0 0 0 0 0 0 134900
909 60.0 9900 0.0 0.0 0.0 778.0 778.0 944 545 0 1489 240.0 335 0 0 0 0 0 0 139500
167 81.0 7635 0.0 588.0 350.0 237.0 1175.0 1175 0 0 1175 484.0 0 0 0 0 0 0 0 148000
1046 21.0 1680 356.0 350.0 0.0 280.0 630.0 630 672 0 1302 264.0 0 0 0 0 0 0 0 111750
302 40.0 5436 0.0 735.0 0.0 61.0 796.0 796 358 0 1154 240.0 0 96 0 0 0 0 0 125500
1415 70.0 7000 0.0 969.0 0.0 148.0 1117.0 820 527 0 1347 0.0 85 0 148 0 0 0 0 107500
1873 80.0 9600 320.0 916.0 0.0 326.0 1242.0 1242 0 0 1242 528.0 0 0 0 0 0 0 0 175500
541 63.0 13072 0.0 0.0 0.0 1114.0 1114.0 1114 0 0 1114 0.0 0 39 0 0 0 0 0 142000
2376 68.0 7838 0.0 769.0 0.0 95.0 864.0 900 0 0 900 288.0 175 144 0 0 0 0 0 123000
876 70.0 9100 0.0 0.0 0.0 1212.0 1212.0 1212 0 0 1212 573.0 356 0 0 0 0 0 0 178000
1907 80.0 9600 176.0 368.0 0.0 710.0 1078.0 1150 0 0 1150 288.0 0 0 0 0 175 0 0 144000
2558 92.0 7438 0.0 0.0 0.0 504.0 504.0 936 316 0 1252 576.0 104 0 0 0 0 0 0 127000
2632 69.0 10205 0.0 784.0 0.0 141.0 925.0 999 0 0 999 300.0 150 72 0 0 0 0 0 134500
462 48.0 6240 176.0 863.0 0.0 461.0 1324.0 1324 0 0 1324 550.0 192 38 0 0 0 0 0 254000
2123 57.0 10021 0.0 539.0 0.0 96.0 635.0 646 662 0 1308 497.0 142 54 0 0 0 0 0 175000
982 62.0 7706 0.0 114.0 270.0 0.0 384.0 1091 0 0 1091 429.0 280 0 0 0 0 0 700 131250
860 60.0 7200 0.0 777.0 0.0 117.0 894.0 894 0 0 894 600.0 215 0 0 0 0 0 0 123000
2183 35.0 3675 76.0 467.0 0.0 80.0 547.0 1072 0 0 1072 525.0 0 44 0 0 0 0 0 140000
2307 85.0 10533 244.0 773.0 0.0 235.0 1008.0 1024 0 0 1024 313.0 0 0 0 0 280 0 0 157500
2704 50.0 5220 0.0 0.0 0.0 830.0 830.0 879 0 0 879 180.0 0 108 0 0 0 0 0 80000
2684 50.0 6000 0.0 616.0 0.0 0.0 616.0 616 0 0 616 205.0 0 0 129 0 0 0 0 89000
2688 60.0 9873 160.0 789.0 0.0 171.0 960.0 960 0 0 960 576.0 0 288 0 0 0 0 0 129000
1259 60.0 10836 0.0 0.0 0.0 892.0 892.0 1254 182 0 1436 1488.0 0 0 100 0 0 0 0 139000
2186 75.0 10215 132.0 492.0 0.0 372.0 864.0 948 0 0 948 248.0 0 0 0 0 0 0 0 111000
1287 57.0 9184 0.0 0.0 0.0 780.0 780.0 948 375 0 1323 400.0 0 0 0 0 0 0 0 122600
2784 42.0 10385 123.0 595.0 400.0 0.0 995.0 1282 0 0 1282 672.0 386 0 0 0 0 0 0 174000
227 86.0 11227 0.0 267.0 453.0 0.0 720.0 720 720 0 1440 480.0 192 38 0 0 0 0 0 163000
899 74.0 10206 0.0 0.0 0.0 0.0 0.0 944 0 0 944 528.0 0 0 0 0 0 0 0 82000
131 55.0 5350 0.0 0.0 0.0 728.0 728.0 1306 0 0 1306 0.0 263 0 0 0 0 0 450 76500
1982 120.0 9000 0.0 130.0 0.0 550.0 680.0 680 494 0 1174 576.0 116 26 40 0 0 0 0 135000
1237 70.0 7763 0.0 504.0 108.0 319.0 931.0 1283 0 0 1283 506.0 0 0 0 0 0 0 0 140000
1332 50.0 6130 0.0 784.0 0.0 0.0 784.0 784 0 0 784 0.0 0 0 116 0 0 0 0 109500
2285 44.0 4224 0.0 874.0 0.0 268.0 1142.0 1142 0 0 1142 528.0 536 90 0 0 0 0 0 134000
962 73.0 8925 0.0 16.0 0.0 1450.0 1466.0 1466 0 0 1466 610.0 100 18 0 0 0 0 0 201000
2871 90.0 15750 56.0 841.0 0.0 324.0 1165.0 1336 0 0 1336 375.0 0 0 0 0 0 0 0 157000
50 41.0 7132 178.0 24.0 0.0 1346.0 1370.0 1370 0 0 1370 484.0 120 49 0 0 0 0 0 205000
418 24.0 2104 0.0 536.0 0.0 300.0 836.0 836 0 0 836 345.0 150 20 0 0 0 0 0 128500
1558 120.0 18000 0.0 0.0 0.0 894.0 894.0 894 0 0 894 1248.0 0 20 0 0 0 0 560 81000
1451 88.0 7990 0.0 0.0 0.0 924.0 924.0 924 0 0 924 280.0 0 0 0 0 0 0 0 110000
1333 50.0 5000 0.0 600.0 0.0 72.0 672.0 832 378 0 1210 240.0 0 0 0 0 0 0 0 124000
130 50.0 7207 0.0 696.0 0.0 162.0 858.0 858 0 0 858 0.0 117 0 0 0 0 0 0 116500
531 62.0 7500 0.0 410.0 0.0 811.0 1221.0 1221 0 0 1221 400.0 0 113 0 0 0 0 0 185000
2625 60.0 8544 0.0 0.0 0.0 0.0 0.0 1040 0 0 1040 400.0 0 0 0 0 0 0 0 81400
2252 44.0 12864 0.0 1392.0 0.0 17.0 1409.0 1409 0 0 1409 576.0 0 144 0 0 145 0 0 245000
2730 100.0 13350 0.0 762.0 0.0 102.0 864.0 894 0 0 894 440.0 241 0 0 0 0 0 0 142500
2557 52.0 5825 108.0 0.0 0.0 600.0 600.0 747 0 0 747 528.0 0 0 32 0 0 0 0 79900
2133 72.0 10665 167.0 1013.0 0.0 440.0 1453.0 1479 0 0 1479 558.0 144 29 0 0 0 0 0 226000
2668 33.0 5976 0.0 0.0 0.0 624.0 624.0 624 624 0 1248 0.0 0 130 256 0 0 0 0 93500
2203 53.0 6720 0.0 0.0 0.0 585.0 585.0 851 585 0 1436 228.0 184 0 0 0 0 0 0 141500
288 45.0 8212 0.0 203.0 0.0 661.0 864.0 864 0 0 864 200.0 0 0 96 0 0 0 0 58500
2024 60.0 8850 0.0 0.0 0.0 768.0 768.0 752 624 0 1376 576.0 0 54 144 0 0 0 0 165000
171 55.0 8800 0.0 0.0 0.0 576.0 576.0 792 348 0 1140 0.0 0 160 0 0 0 0 0 96500
2164 65.0 8769 0.0 709.0 0.0 460.0 1169.0 1190 0 0 1190 578.0 100 41 0 0 0 0 0 173500
455 80.0 10307 176.0 876.0 0.0 474.0 1350.0 1358 0 0 1358 484.0 192 26 0 0 0 0 0 212500
33 53.0 4043 0.0 360.0 0.0 709.0 1069.0 1069 0 0 1069 440.0 0 55 0 0 165 0 0 127500
14 85.0 10176 0.0 637.0 0.0 663.0 1300.0 1341 0 0 1341 506.0 192 0 0 0 0 0 0 171500
1958 60.0 11664 206.0 336.0 0.0 746.0 1082.0 1082 0 0 1082 240.0 0 130 0 0 0 0 0 119200
8 43.0 5005 0.0 263.0 0.0 1017.0 1280.0 1280 0 0 1280 506.0 0 82 0 0 144 0 0 191500
2785 69.0 9920 0.0 523.0 0.0 448.0 971.0 971 0 0 971 300.0 0 0 0 0 0 0 0 128500
668 83.0 10143 295.0 384.0 0.0 996.0 1380.0 1380 0 0 1380 364.0 0 0 0 0 216 0 0 154000
453 34.0 5381 135.0 900.0 0.0 406.0 1306.0 1306 0 0 1306 624.0 170 63 0 0 0 0 0 196000
2905 78.0 7020 200.0 1243.0 0.0 45.0 1288.0 1368 0 0 1368 784.0 0 48 0 0 0 0 0 215000
691 60.0 6600 0.0 0.0 0.0 894.0 894.0 894 0 0 894 308.0 0 0 0 0 0 0 0 109500
454 34.0 5122 135.0 881.0 0.0 425.0 1306.0 1306 0 0 1306 624.0 170 63 0 0 0 0 0 184500
103 24.0 2572 0.0 604.0 0.0 92.0 696.0 696 720 0 1416 484.0 0 44 0 0 0 0 0 155000
684 80.0 8000 0.0 433.0 95.0 0.0 528.0 1183 0 0 1183 288.0 0 0 0 0 0 0 0 138000
2021 60.0 6180 0.0 0.0 0.0 960.0 960.0 986 0 0 986 180.0 0 128 0 0 0 0 0 102000
2714 74.0 7844 203.0 209.0 0.0 463.0 672.0 672 728 0 1400 440.0 0 0 0 0 0 0 0 149500
2782 55.0 10780 0.0 483.0 0.0 428.0 911.0 954 0 0 954 576.0 0 0 0 0 0 0 0 132500
78 55.0 7892 0.0 0.0 0.0 918.0 918.0 918 0 0 918 264.0 28 0 0 0 0 0 0 99500
978 21.0 1477 0.0 509.0 0.0 121.0 630.0 630 0 0 630 286.0 0 0 0 0 0 0 0 80000
2580 72.0 10152 0.0 914.0 0.0 210.0 1124.0 1124 0 0 1124 353.0 0 211 180 0 142 0 0 153000
612 80.0 9600 132.0 991.0 0.0 50.0 1041.0 1041 0 0 1041 270.0 224 88 0 0 0 0 0 124500
842 60.0 8072 0.0 746.0 0.0 244.0 990.0 990 0 0 990 480.0 0 64 0 0 0 0 0 138000
790 68.0 9571 0.0 257.0 0.0 816.0 1073.0 1073 0 0 1073 340.0 0 0 0 0 0 0 0 121500
2548 85.0 9350 0.0 360.0 0.0 360.0 720.0 720 720 0 1440 480.0 0 32 240 0 0 0 0 157500
1242 72.0 9000 74.0 616.0 0.0 580.0 1196.0 1196 0 0 1196 297.0 0 44 0 0 0 0 0 139000
1305 50.0 6000 0.0 0.0 0.0 901.0 901.0 901 0 0 901 281.0 0 0 0 0 0 0 0 107900
2007 55.0 8674 0.0 910.0 0.0 0.0 910.0 910 525 0 1435 308.0 0 33 0 0 0 0 0 128250
2664 60.0 3600 0.0 0.0 0.0 684.0 684.0 684 684 0 1368 216.0 0 158 0 0 0 0 0 114504
2255 82.0 8410 0.0 924.0 0.0 46.0 970.0 1026 0 0 1026 528.0 193 0 0 0 0 0 0 143000
631 73.0 8760 164.0 856.0 0.0 313.0 1169.0 1144 0 0 1144 286.0 257 0 0 0 0 0 0 150000
2199 54.0 7223 0.0 319.0 0.0 971.0 1290.0 1422 0 0 1422 352.0 0 0 64 0 0 0 0 136500
889 75.0 7950 140.0 535.0 0.0 155.0 690.0 698 728 0 1426 440.0 252 0 0 0 0 0 0 159500
1867 130.0 11700 196.0 910.0 0.0 385.0 1295.0 1295 0 0 1295 528.0 0 194 0 0 200 0 0 164000
1212 75.0 8250 260.0 787.0 0.0 305.0 1092.0 1092 0 0 1092 504.0 0 0 0 0 0 0 0 145000
2770 95.0 13015 0.0 0.0 0.0 1100.0 1100.0 1100 0 0 1100 462.0 0 0 0 0 0 0 0 145000
342 74.0 13008 0.0 564.0 0.0 318.0 882.0 882 0 0 882 502.0 0 0 0 0 0 0 0 124500
1381 68.0 10265 0.0 758.0 0.0 234.0 992.0 992 0 0 992 294.0 204 0 0 0 0 0 600 145000
199 52.0 6240 0.0 276.0 0.0 252.0 528.0 548 492 0 1040 624.0 306 0 32 0 0 0 0 123900
2875 61.0 8534 0.0 0.0 0.0 432.0 432.0 672 0 0 672 0.0 0 0 112 0 0 0 0 72000
1673 34.0 4058 182.0 584.0 139.0 0.0 723.0 767 0 0 767 367.0 120 40 0 0 0 0 0 133000
2192 60.0 8172 0.0 544.0 0.0 224.0 768.0 768 0 0 768 355.0 0 0 196 0 0 0 0 125000
2841 45.0 8248 0.0 0.0 0.0 686.0 686.0 686 564 0 1250 280.0 207 0 96 0 0 0 0 116000
841 112.0 10859 0.0 0.0 0.0 1097.0 1097.0 1097 0 0 1097 672.0 392 64 0 0 0 0 0 145000
1960 60.0 7200 0.0 534.0 96.0 246.0 876.0 988 0 0 988 276.0 0 80 0 0 0 0 0 119000
1858 40.0 3840 0.0 881.0 176.0 0.0 1057.0 1295 0 0 1295 571.0 133 89 0 0 0 0 0 213750
1226 80.0 9600 0.0 32.0 308.0 232.0 572.0 1337 0 0 1337 264.0 0 192 0 0 0 0 0 141500
1149 55.0 7892 0.0 300.0 0.0 899.0 1199.0 1199 0 0 1199 530.0 0 63 0 0 0 0 0 153900
2492 65.0 8450 90.0 162.0 270.0 450.0 882.0 909 0 0 909 294.0 0 155 0 0 0 0 0 116000
1160 59.0 4282 0.0 16.0 0.0 1375.0 1391.0 1391 0 0 1391 530.0 156 158 0 0 0 0 0 196000
1137 66.0 13695 0.0 814.0 0.0 300.0 1114.0 1114 0 0 1114 576.0 0 78 0 0 0 0 0 155000
412 24.0 2280 0.0 435.0 622.0 0.0 1057.0 1055 0 0 1055 440.0 0 27 0 0 0 0 0 123000
1857 90.0 10768 0.0 1157.0 0.0 280.0 1437.0 1437 0 0 1437 528.0 0 21 0 0 180 0 0 218000
1139 81.0 9260 0.0 0.0 0.0 1162.0 1162.0 1162 0 0 1162 483.0 0 32 0 0 0 0 0 170000
1276 59.0 7227 0.0 0.0 0.0 832.0 832.0 832 0 0 832 528.0 0 0 0 0 0 0 0 105500
1009 40.0 4671 0.0 767.0 0.0 461.0 1228.0 1228 0 0 1228 472.0 168 120 0 0 0 0 0 189000
1653 79.0 11850 98.0 781.0 0.0 372.0 1153.0 1177 0 0 1177 495.0 204 103 0 0 0 0 0 151500
2844 60.0 8088 0.0 0.0 0.0 498.0 498.0 498 0 0 498 216.0 0 0 100 0 0 0 0 35000
86 65.0 8450 0.0 553.0 117.0 224.0 894.0 894 0 0 894 336.0 416 144 0 0 0 0 0 138500
365 99.0 11851 0.0 0.0 0.0 1424.0 1424.0 1442 0 0 1442 500.0 0 34 0 508 0 0 0 180500
1821 70.0 7420 0.0 417.0 0.0 640.0 1057.0 1057 0 0 1057 576.0 0 0 0 0 0 0 0 132000
2166 64.0 8333 0.0 0.0 0.0 738.0 738.0 738 753 0 1491 484.0 100 30 0 0 0 0 0 168675
873 70.0 8750 209.0 1111.0 0.0 306.0 1417.0 1417 0 0 1417 511.0 60 0 0 0 117 0 0 210000
1132 63.0 7500 120.0 680.0 0.0 400.0 1080.0 1080 0 0 1080 0.0 0 0 0 0 0 0 0 141000
1851 73.0 7321 0.0 0.0 0.0 1339.0 1339.0 1358 0 0 1358 625.0 176 174 0 0 0 0 0 204000
2897 50.0 8049 54.0 1053.0 0.0 256.0 1309.0 1339 0 0 1339 484.0 0 58 0 0 90 0 0 180000
2916 80.0 13384 194.0 119.0 344.0 641.0 1104.0 1360 0 0 1360 336.0 160 0 0 0 0 0 0 140000
1892 80.0 9200 98.0 494.0 0.0 548.0 1042.0 1042 0 0 1042 440.0 192 0 0 0 0 0 0 161000
150 60.0 10950 0.0 339.0 0.0 525.0 864.0 1064 0 0 1064 318.0 0 0 0 0 0 0 0 135000
837 65.0 9757 0.0 755.0 0.0 235.0 990.0 990 0 0 990 440.0 66 0 0 0 92 0 0 143000
300 35.0 3907 0.0 76.0 0.0 1115.0 1191.0 1191 0 0 1191 531.0 112 81 0 0 0 0 0 162500
693 60.0 10440 0.0 0.0 0.0 440.0 440.0 682 548 0 1230 440.0 74 0 128 0 0 0 0 110000
1900 57.0 8280 0.0 0.0 0.0 932.0 932.0 932 0 0 932 306.0 0 0 214 0 0 0 0 124000
237 65.0 11479 0.0 104.0 387.0 172.0 663.0 1074 0 0 1074 467.0 0 52 52 0 0 0 0 144500
1820 80.0 8480 0.0 630.0 0.0 340.0 970.0 970 0 0 970 624.0 0 24 0 0 192 0 0 132500
1330 50.0 9100 0.0 0.0 0.0 742.0 742.0 779 0 156 935 308.0 0 0 0 0 0 0 600 79500
1917 73.0 8760 0.0 873.0 0.0 63.0 936.0 936 0 0 936 315.0 0 0 0 219 0 0 0 141000
178 50.0 5500 0.0 234.0 692.0 0.0 926.0 926 0 390 1316 484.0 0 0 0 0 0 0 0 130000
1260 60.0 10800 0.0 0.0 0.0 0.0 0.0 694 600 0 1294 0.0 220 114 210 0 0 0 0 106250
1940 70.0 13300 0.0 377.0 0.0 551.0 928.0 928 0 0 928 252.0 261 0 156 0 0 0 0 132000
1924 70.0 9100 69.0 0.0 0.0 1144.0 1144.0 1144 0 0 1144 336.0 0 0 0 0 0 0 0 120000
1341 60.0 5520 0.0 68.0 0.0 497.0 565.0 565 651 0 1216 355.0 0 0 180 0 0 0 0 115000
1161 35.0 4017 0.0 0.0 0.0 625.0 625.0 625 625 0 1250 625.0 0 54 0 0 0 0 0 171900
2163 63.0 8500 106.0 0.0 0.0 1422.0 1422.0 1422 0 0 1422 626.0 192 60 0 0 0 0 0 179600
1620 56.0 8872 0.0 0.0 0.0 384.0 384.0 754 630 0 1384 390.0 0 0 0 0 0 0 0 161500
1830 44.0 10751 44.0 787.0 0.0 250.0 1037.0 1037 0 0 1037 431.0 136 47 0 0 0 0 0 129000
2652 50.0 6000 0.0 576.0 0.0 384.0 960.0 960 0 0 960 576.0 0 0 0 0 0 0 0 135500
2087 60.0 11100 0.0 1080.0 0.0 0.0 1080.0 1080 400 0 1480 253.0 0 0 68 0 0 0 0 136500
708 62.0 7404 0.0 0.0 0.0 861.0 861.0 861 0 0 861 288.0 0 0 128 0 0 0 0 80000
253 64.0 7360 80.0 24.0 0.0 1198.0 1222.0 1222 0 0 1222 615.0 0 54 0 0 0 0 0 187000
2597 90.0 5400 0.0 415.0 0.0 418.0 833.0 833 0 0 833 326.0 0 0 0 0 0 0 0 117000
1505 56.0 6931 0.0 784.0 0.0 0.0 784.0 784 0 0 784 0.0 112 0 0 0 0 0 0 91900
2642 58.0 6451 0.0 208.0 0.0 504.0 712.0 848 580 0 1428 576.0 264 0 84 0 0 0 0 139900
2530 78.0 10140 264.0 553.0 68.0 713.0 1334.0 1334 0 0 1334 477.0 0 20 35 0 264 0 0 164500
2185 74.0 6882 128.0 0.0 0.0 0.0 0.0 1152 0 0 1152 0.0 0 0 0 0 0 0 0 61500
2053 65.0 14149 50.0 68.0 722.0 190.0 980.0 1020 0 0 1020 528.0 0 0 0 0 0 0 0 165000
389 78.0 10140 196.0 888.0 0.0 228.0 1116.0 1116 0 0 1116 528.0 0 0 0 0 0 0 0 167900
2048 59.0 4484 0.0 485.0 0.0 187.0 672.0 778 504 0 1282 240.0 0 88 0 0 0 0 0 108500
915 60.0 7200 0.0 350.0 210.0 0.0 560.0 575 560 0 1135 576.0 256 0 0 0 0 0 0 155000
2368 21.0 1890 380.0 282.0 0.0 212.0 494.0 494 536 0 1030 264.0 0 0 0 0 0 0 0 116000
324 93.0 10114 0.0 0.0 0.0 1430.0 1430.0 1430 0 0 1430 624.0 0 0 0 0 0 0 0 173500
1328 55.0 7111 0.0 406.0 273.0 329.0 1008.0 1143 0 0 1143 288.0 265 0 0 0 0 0 0 138000
1256 45.0 7506 0.0 0.0 0.0 747.0 747.0 747 412 0 1159 288.0 84 0 96 0 0 0 0 114000
933 24.0 1733 0.0 0.0 0.0 516.0 516.0 516 516 0 1032 452.0 279 0 0 0 0 0 0 115000
1339 50.0 6000 0.0 264.0 0.0 475.0 739.0 874 468 0 1342 240.0 0 0 0 0 0 0 0 105000
677 60.0 8544 0.0 0.0 0.0 0.0 0.0 1040 0 0 1040 400.0 0 0 0 0 0 0 0 92900
2113 78.0 9317 0.0 24.0 0.0 1290.0 1314.0 1314 0 0 1314 440.0 0 22 0 0 0 0 0 176432
211 72.0 10632 0.0 0.0 0.0 689.0 689.0 725 499 0 1224 180.0 0 0 248 0 0 0 0 107500
2818 134.0 17755 132.0 176.0 0.0 1290.0 1466.0 1466 0 0 1466 528.0 0 140 0 0 100 0 0 149900
2826 35.0 3675 80.0 547.0 0.0 0.0 547.0 1072 0 0 1072 525.0 0 28 0 0 0 0 0 145000
1471 75.0 13125 215.0 994.0 0.0 484.0 1478.0 1493 0 0 1493 508.0 140 39 0 0 0 0 0 208900
1515 45.0 8248 0.0 41.0 0.0 823.0 864.0 864 0 0 864 0.0 0 0 100 0 0 0 0 67000
2585 66.0 12778 0.0 658.0 0.0 350.0 1008.0 1008 0 0 1008 280.0 0 154 0 0 0 0 0 139500
2110 73.0 8760 132.0 36.0 0.0 1453.0 1489.0 1500 0 0 1500 674.0 144 38 0 0 0 0 0 212999
1213 85.0 9350 0.0 633.0 0.0 586.0 1219.0 1265 0 0 1265 502.0 0 92 0 96 0 0 0 179900
1986 50.0 6000 0.0 250.0 0.0 710.0 960.0 960 0 0 960 308.0 0 0 168 0 0 0 0 108500
1904 51.0 3500 0.0 144.0 0.0 226.0 370.0 442 228 0 670 0.0 0 21 0 0 0 0 2000 64000
562 60.0 8281 0.0 553.0 311.0 0.0 864.0 864 0 0 864 360.0 0 0 236 0 0 0 0 62383
1875 70.0 8050 0.0 474.0 38.0 437.0 949.0 1107 0 0 1107 308.0 88 64 0 0 0 0 0 127000
2889 78.0 10530 90.0 975.0 0.0 0.0 975.0 1004 0 0 1004 504.0 0 0 0 0 0 0 0 135000
2209 50.0 6305 0.0 0.0 0.0 920.0 920.0 954 0 0 954 240.0 0 0 0 0 0 0 0 119750
29 26.0 5858 0.0 1051.0 0.0 354.0 1405.0 1337 0 0 1337 511.0 203 68 0 0 0 0 0 184000
2657 48.0 5747 0.0 0.0 0.0 798.0 798.0 840 0 0 840 250.0 112 0 0 0 0 0 0 64000
1584 82.0 11202 206.0 1029.0 0.0 403.0 1432.0 1440 0 0 1440 467.0 185 95 0 0 0 0 0 232500
648 80.0 8480 0.0 700.0 0.0 93.0 793.0 793 0 0 793 240.0 0 0 0 0 0 0 0 113000
1508 68.0 9520 115.0 767.0 0.0 144.0 911.0 930 0 0 930 286.0 134 0 0 0 0 0 3000 99000
2920 21.0 1936 0.0 0.0 0.0 546.0 546.0 546 546 0 1092 0.0 0 0 0 0 0 0 0 90500
94 25.0 4835 0.0 1298.0 0.0 190.0 1488.0 1488 0 0 1488 506.0 168 50 0 0 0 0 0 260000
1497 60.0 7024 0.0 1024.0 0.0 108.0 1132.0 1132 0 0 1132 451.0 252 64 0 0 0 0 0 176000
2200 51.0 6821 0.0 113.0 0.0 538.0 651.0 759 539 0 1298 240.0 216 0 168 0 0 0 0 146500
201 51.0 6120 0.0 960.0 0.0 164.0 1124.0 1068 0 0 1068 288.0 0 0 128 0 0 0 0 109500
540 63.0 13072 0.0 0.0 0.0 1114.0 1114.0 1114 0 0 1114 576.0 248 102 0 0 0 0 0 159000
666 60.0 10800 0.0 0.0 0.0 630.0 630.0 725 0 0 725 320.0 0 30 0 0 0 0 0 78500
147 87.0 10725 91.0 936.0 0.0 270.0 1206.0 1206 0 0 1206 312.0 0 21 0 0 0 0 0 108538
197 53.0 6360 300.0 360.0 159.0 316.0 835.0 955 498 0 1453 240.0 0 0 35 0 148 0 0 132000
697 90.0 15660 0.0 0.0 0.0 240.0 240.0 810 496 0 1306 472.0 0 0 0 0 0 0 0 130000
154 65.0 7898 0.0 0.0 0.0 576.0 576.0 985 0 0 985 676.0 0 0 0 0 0 0 0 105000
546 65.0 8529 0.0 20.0 0.0 1434.0 1454.0 1434 0 0 1434 527.0 290 39 0 0 0 0 0 189000
706 50.0 6000 0.0 384.0 0.0 384.0 768.0 768 560 0 1328 308.0 0 12 0 0 0 0 0 129500
406 21.0 1680 425.0 110.0 294.0 79.0 483.0 483 504 0 987 288.0 0 0 0 0 0 0 0 97000
2539 80.0 9600 140.0 602.0 402.0 137.0 1141.0 1141 0 0 1141 568.0 0 78 0 0 0 0 0 158000
855 76.0 6950 40.0 710.0 72.0 132.0 914.0 914 0 0 914 444.0 0 0 0 0 0 0 0 134900
601 65.0 8125 0.0 403.0 0.0 461.0 864.0 864 0 0 864 308.0 0 0 0 0 0 0 0 118000
1010 65.0 5950 0.0 319.0 0.0 1018.0 1337.0 1337 0 0 1337 462.0 0 73 154 0 0 0 0 188500
1405 50.0 5190 0.0 0.0 0.0 570.0 570.0 617 462 0 1079 249.0 135 0 0 0 0 0 0 125600
354 57.0 8923 0.0 189.0 0.0 195.0 384.0 751 631 0 1382 396.0 256 0 0 0 0 0 0 177500
1980 60.0 10800 0.0 0.0 0.0 641.0 641.0 1047 0 0 1047 273.0 0 0 0 0 0 0 450 100000
2924 80.0 17400 0.0 936.0 0.0 190.0 1126.0 1126 0 0 1126 484.0 295 41 0 0 0 0 0 160000
1955 66.0 8300 86.0 952.0 0.0 0.0 952.0 952 0 0 952 288.0 0 0 0 0 0 0 0 128500
1273 70.0 7931 0.0 374.0 532.0 363.0 1269.0 1269 0 0 1269 308.0 0 0 0 0 0 0 0 155000
596 70.0 9100 0.0 338.0 466.0 121.0 925.0 925 0 0 925 429.0 0 0 0 0 0 0 0 117500
1304 50.0 6000 0.0 308.0 0.0 620.0 928.0 928 0 0 928 288.0 0 0 0 0 0 0 0 112500
1406 85.0 10452 216.0 500.0 0.0 594.0 1094.0 1094 0 0 1094 495.0 0 0 0 0 287 0 0 155000
151 119.0 10895 0.0 648.0 0.0 324.0 972.0 972 0 0 972 305.0 0 0 205 0 0 0 0 122500
2554 68.0 9724 0.0 0.0 0.0 938.0 938.0 1043 0 0 1043 273.0 125 48 0 0 0 0 0 137000
1898 75.0 7388 0.0 405.0 0.0 658.0 1063.0 1327 0 0 1327 624.0 0 0 0 0 0 0 0 150750
390 85.0 11050 0.0 636.0 0.0 540.0 1176.0 1193 0 0 1193 506.0 40 0 0 0 0 0 0 158000
155 60.0 7200 0.0 0.0 0.0 0.0 0.0 827 0 0 827 392.0 0 0 0 0 0 0 0 107500
2601 60.0 10800 0.0 821.0 0.0 299.0 1120.0 1130 0 0 1130 720.0 229 0 0 0 0 0 0 120000
1597 21.0 1974 0.0 501.0 0.0 25.0 526.0 526 462 0 988 297.0 120 101 0 0 0 0 0 105000
2750 73.0 9069 0.0 261.0 1083.0 0.0 1344.0 1440 0 0 1440 920.0 288 0 0 0 0 0 0 224500
1536 79.0 7801 88.0 500.0 0.0 591.0 1091.0 1091 0 0 1091 344.0 66 105 0 0 221 0 0 104000
1918 65.0 6860 54.0 908.0 0.0 100.0 1008.0 1008 0 0 1008 308.0 0 0 0 0 0 0 0 131000
7 41.0 4920 0.0 616.0 0.0 722.0 1338.0 1338 0 0 1338 582.0 0 0 170 0 0 0 0 213500
976 21.0 1526 0.0 515.0 0.0 115.0 630.0 630 0 0 630 286.0 0 0 0 0 0 0 0 86000
2305 62.0 10447 0.0 516.0 0.0 348.0 864.0 887 0 0 887 288.0 140 0 0 0 0 0 0 124500
116 78.0 9360 0.0 982.0 0.0 179.0 1161.0 1381 0 0 1381 676.0 0 0 0 0 0 0 0 197500
1973 66.0 6760 0.0 734.0 0.0 162.0 896.0 936 0 0 936 288.0 24 90 160 0 0 0 0 130000
2546 80.0 8800 425.0 553.0 0.0 698.0 1251.0 1251 0 0 1251 461.0 0 116 0 0 0 0 700 160000
2740 80.0 12048 232.0 0.0 0.0 0.0 0.0 1488 0 0 1488 569.0 0 189 36 0 348 0 0 135000
2707 72.0 10791 0.0 0.0 0.0 0.0 0.0 1296 0 0 1296 516.0 0 0 0 0 0 0 500 90000
2356 78.0 10140 0.0 788.0 0.0 268.0 1056.0 1074 0 0 1074 495.0 0 88 0 0 0 0 0 153500
1965 70.0 7315 0.0 625.0 0.0 545.0 1170.0 1170 0 0 1170 338.0 0 0 0 0 225 0 0 140000
2806 70.0 8810 0.0 1000.0 0.0 390.0 1390.0 1390 0 0 1390 545.0 0 68 0 0 0 0 0 207000
2228 35.0 3907 0.0 577.0 0.0 427.0 1004.0 1020 0 0 1020 509.0 135 0 0 0 0 0 0 200000
263 68.0 7480 0.0 480.0 0.0 396.0 876.0 876 0 0 876 484.0 0 0 0 0 0 0 0 127000
165 60.0 7200 0.0 234.0 486.0 180.0 900.0 900 0 0 900 576.0 222 32 0 0 0 0 0 134800
283 52.0 8741 0.0 94.0 0.0 641.0 735.0 798 689 0 1487 220.0 0 140 0 0 0 0 0 113000
1877 79.0 10289 168.0 836.0 0.0 237.0 1073.0 1073 0 0 1073 515.0 0 0 0 0 0 0 0 156000
2644 70.0 5684 0.0 0.0 0.0 813.0 813.0 813 0 0 813 270.0 0 113 0 0 0 0 0 110000
1825 84.0 7476 0.0 812.0 0.0 228.0 1040.0 1040 0 0 1040 686.0 188 0 0 0 0 0 0 145000
2584 75.0 11310 0.0 0.0 0.0 1367.0 1367.0 1375 0 0 1375 451.0 0 30 0 0 0 0 0 140000
979 21.0 1533 0.0 0.0 0.0 546.0 546.0 798 546 0 1344 0.0 0 0 0 0 0 0 0 97000
1024 90.0 13068 621.0 890.0 48.0 273.0 1211.0 1211 0 0 1211 461.0 0 0 0 174 0 0 0 161000
913 64.0 8574 0.0 0.0 0.0 816.0 816.0 1232 0 0 1232 440.0 0 0 180 0 0 0 0 147500
2170 67.0 8308 20.0 132.0 841.0 115.0 1088.0 1088 0 0 1088 520.0 0 0 0 0 0 0 0 110000
770 80.0 8816 0.0 651.0 0.0 470.0 1121.0 1121 0 0 1121 480.0 0 80 0 0 0 0 0 139000
1152 75.0 8100 0.0 764.0 0.0 100.0 864.0 864 0 0 864 420.0 132 0 0 0 0 0 0 135000
2896 54.0 13811 72.0 980.0 40.0 92.0 1112.0 1137 0 0 1137 551.0 125 0 0 0 0 0 0 176000
649 60.0 7626 0.0 931.0 0.0 100.0 1031.0 1031 0 0 1031 230.0 0 0 0 0 0 0 0 145500
1089 51.0 8029 0.0 0.0 0.0 728.0 728.0 728 728 0 1456 400.0 100 24 0 0 0 0 0 176000
407 21.0 1680 510.0 162.0 0.0 321.0 483.0 483 504 0 987 264.0 250 0 0 0 0 0 0 118000
576 61.0 3782 0.0 960.0 0.0 266.0 1226.0 1226 0 0 1226 484.0 133 78 0 0 0 0 0 211500
831 78.0 11645 76.0 24.0 0.0 1474.0 1498.0 1498 0 0 1498 844.0 144 98 0 0 0 0 0 237000
1337 50.0 6000 0.0 0.0 0.0 862.0 862.0 950 208 0 1158 208.0 0 0 112 0 0 0 0 120000
2733 75.0 9375 0.0 799.0 0.0 168.0 967.0 1350 0 0 1350 504.0 237 0 0 0 0 0 0 146000
1684 65.0 7150 52.0 725.0 0.0 263.0 988.0 988 0 0 988 360.0 0 0 0 0 0 0 0 129250
1489 75.0 9937 0.0 830.0 290.0 136.0 1256.0 1256 0 0 1256 276.0 736 68 0 0 0 0 0 147500
793 50.0 9340 0.0 344.0 0.0 328.0 672.0 672 0 0 672 234.0 0 113 0 0 0 0 0 113000
2817 67.0 8777 0.0 173.0 337.0 166.0 676.0 760 676 0 1436 528.0 147 0 0 0 0 0 420 98000
798 60.0 9060 0.0 204.0 0.0 356.0 560.0 698 560 0 1258 280.0 0 0 0 0 0 0 0 105000
1302 75.0 9000 0.0 445.0 0.0 459.0 904.0 904 595 0 1499 869.0 0 20 0 0 0 0 0 140000
2596 60.0 10410 0.0 0.0 0.0 713.0 713.0 713 0 0 713 371.0 0 75 161 0 0 0 0 99800
1491 65.0 6500 84.0 1033.0 0.0 94.0 1127.0 1127 0 0 1127 480.0 0 0 138 0 0 0 0 135000
2640 60.0 9600 0.0 381.0 0.0 399.0 780.0 940 476 0 1416 400.0 0 24 0 0 0 0 0 156500
1418 60.0 9084 0.0 236.0 380.0 0.0 616.0 616 495 0 1111 200.0 48 0 0 0 0 0 0 95000
1552 60.0 7392 0.0 0.0 0.0 520.0 520.0 912 0 0 912 360.0 0 90 0 0 0 0 0 99500
