Iteracion FuncionCosto
1 0.141512
2 0.0127608
3 0.0159216
4 0.0117238
5 0.0118541
6 0.0113814
7 0.0112339
8 0.0110742
9 0.0109572
10 0.0108545
11 0.0107669
12 0.0106906
13 0.0106241
14 0.0105659
15 0.010515
16 0.0104705
17 0.0104314
18 0.0103971
19 0.0103671
20 0.0103407
21 0.0103176
22 0.0102973
23 0.0102795
24 0.0102638
25 0.0102501
26 0.010238
27 0.0102274
28 0.0102181
29 0.0102099
30 0.0102027
31 0.0101963
32 0.0101908
33 0.0101859
34 0.0101816
35 0.0101778
36 0.0101745
37 0.0101716
38 0.010169
39 0.0101668
40 0.0101648
41 0.010163
42 0.0101615
43 0.0101601
44 0.010159
45 0.0101579
46 0.010157
47 0.0101562
48 0.0101555
49 0.0101549
50 0.0101543
51 0.0101538
52 0.0101534
53 0.010153
54 0.0101527
55 0.0101524
56 0.0101522
57 0.010152
58 0.0101518
59 0.0101516
